1.37353842385177,-0.353504422353842,-2.04862968785546,0.98554371458603,0.475475154961736,1.19699730389237,-0.969801976679276,1.25618804354482,0.265413539636394,0.0133537874661708,-0.233844801796653,-0.837136144714865,0.287430483710085,1.71816447165129,1.73255983211939,-0.675049418536727,1.26447227288005,0.780282339332044,2.32281315002779,-1.91525945829913,-4.25271841631373,-1.00077905532806,2.25274626848884,-1.64069349728833,-1.39850065934458,-1.58185797233225,-1.33595313405263,-4.46147805113297,-3.00649985915115,-0.50856626158184,-3.62203964226656,-4.0306472000441,0.098022038993054,-5.54486047529662,0.799323241427765,1.55974574438561,1.8428408662851,5.11822853210422,3.00935156853336,-0.168562949144731,-4.57905946979764,0.891496508812832,-0.409873993981173,0.725979302842623,3.32562575333064,0.768404314759305,0.805911134945908,1.14907589094774,1.15014394221097,-1.13573600347729,2.02866253640823,-0.52411541410761,-1.12554821925603,1.49677978605894,2.53802089158945,1.09922791316369,-1.72682572902724,1.61796027446415,1.20611710098679,-2.16818184764402,-2.05137394255922,1.91438803999448,-1.65469679412954,-0.616807503991806,4.10103467652377,-0.889147626451309,-2.10097735446583,4.39837272879732,-2.79069990909004,-1.64848804405574
0.275778345282804,1.80430797659112,1.47990732468777,-0.0219586638530857,0.125561554274068,0.274167882494504,-0.832547451691954,-1.90609172744555,0.156800495262983,0.611719306137996,-1.77455064166457,-0.0320180662556152,-0.73941189981281,0.338119241337204,-0.613782932275808,0.36572684105315,-0.0969830897654258,1.78274324853222,1.16913627253497,0.532315851519244,0.610488254136596,-0.285193834106768,-2.07062477334537,-0.848265281163586,-1.5079681766333,0.313913493511524,-0.469828107424225,0.262194601452061,0.66700844232665,0.782934885328392,-0.0233815917352097,0.510011483015049,-0.222013640511381,0.906173033875895,-0.424095814018747,0.332747111188257,-0.168746445808783,-1.21140532409998,0.038668774610436,-1.22037056164959,1.91043390629169,-1.1785169123358,0.181157798815089,-1.37344131098809,-2.100367568116,-1.40117563348991,0.591547006467266,0.181789092650552,-2.2629898761534,1.9720995196844,-2.3413957153917,-2.35258330130622,1.24477014590334,-0.0209483696620061,-1.3185547260257,-1.05846500501845,-1.18934766194467,-1.3140896101485,0.611041283722389,-1.7013216781898,-1.02211909475736,1.77429018225998,-1.71893085394735,-0.103235927937257,-1.93731755021521,-1.70061374325865,-2.39244927088804,-2.315512282878,3.62911715568434,-3.53377121237494
-0.466271166948861,1.09651488826936,0.61365376492999,2.31205997519916,0.857885949368383,0.438275087491094,0.543523499524002,1.3267740869335,-1.53180225682409,-0.900840534107605,-0.0732838237037873,-0.273380715181306,0.587620596665163,-0.459096214983276,-0.891720443480833,0.574778054381829,-1.12617376822915,-1.03700719354384,-0.263355075828978,-1.68083280324138,-0.151521038528829,-0.229772745230266,2.58845441118774,-1.34491386964289,-3.64281272653743,-1.91480456683657,1.16972894814177,-1.88373588114199,-0.933811131821901,2.40455593304826,-1.52773965882574,-2.2198283788727,-2.3666106049459,-0.719173233927809,1.38468530880277,-1.50333538471071,-0.897942347643595,0.529923162013142,-0.263123977476797,1.90698847853291,0.500526357896154,-0.714222435540702,-1.33249171087831,-0.891315768025212,1.57756381765548,-1.29573872583385,1.06971283582533,-1.72397623688734,-0.552317398104101,1.25653897076896,-0.941174876922764,-0.741954971253017,1.34130755805037,-1.50954913863918,1.15261384289783,-0.0150941042555852,-1.119997773279,-0.209325709478117,3.28590912265474,-0.255147525460499,0.312864110575575,-0.862050250568464,-0.18352489013231,-0.104103517217283,1.04336976664212,-1.95996227938557,4.47089050878785,0.575384918637167,0.213542246620789,-1.98380667349693
0.26605979818486,-0.0783612950179942,-3.09284601652028,0.62282142284396,1.07347825126204,1.03452272042531,-0.129240070568395,1.55312649818701,0.777782638101019,0.000279144048128684,1.06614736387983,-0.159388827880889,1.003694366131,0.613965855449963,-2.4591749768957,3.13823825424978,-2.89899783033695,0.325562195266205,0.687292519733171,-0.86466697809126,-0.713410012089004,-3.35192162671151,1.86650181209831,0.290776905746706,-0.601299586097569,0.671204645449045,-1.47488275357314,-1.35883143499572,-0.79370699332967,-1.66411309125395,-1.66356429700705,-2.04564326099258,0.127653097961614,-0.00666275913709446,0.288739353339612,-1.28847532802971,1.9708864630553,3.21123369250082,-3.11079622831637,-1.58592207196907,0.892361612381627,0.114538688499558,0.269206369044772,-3.09368234201673,-2.52831452850262,-2.91668601592822,0.941152217544604,-3.77678754276003,-2.14541165490499,1.66046650287458,-1.40007890841217,-1.77505174434702,2.73771565863785,-1.69430957582019,-1.72270600554624,-0.723981361891672,0.399888098897179,-2.34631087018428,3.26876716990928,-2.18313413501603,-0.765424027640048,2.28293110243001,-0.95208195755663,-2.00050036497136,0.235864084495158,-5.28830224807674,-2.60894419123711,0.821319327655494,5.79036138142464,-4.03338032302445
-0.763819333926969,0.286719430808212,-0.468562014373313,-0.917726888456588,1.15801562921957,-0.454288070969754,0.0620447106933617,-0.730201448991615,-1.80946480454777,-1.31408362217296,-2.44417864816815,1.06597034640771,-0.855418376879557,0.24618112438669,-1.07063316170522,0.538927417369617,-0.222214127687598,-0.360322109602716,-0.686268094930951,-1.45845883604107,-0.253121044375917,-1.55154969935555,1.00570238036467,-2.33558521977961,-1.28240377235076,0.0374751109415554,-2.17677719602659,-4.08089615507429,0.541044643339717,1.60451529741133,-0.628490311946351,0.771192552984849,-0.986392555036365,-0.883621324785656,-0.685789301922091,-0.629842599841346,0.888667042852876,1.13886359231163,0.304512497881209,0.849046549385704,0.0437128810715628,-0.503246309711007,0.969498071811063,-1.5281258181033,-0.997934890902807,-1.81743209768048,1.79941779264414,-3.46062609452499,-2.74666640289385,2.89967098956375,-1.33827908840051,0.850113127854668,1.93768735384831,-0.869068810690373,0.82095632331115,0.846603626845532,0.498537493318635,1.29075430761287,5.04102748952296,-1.54128479945198,-0.754019758018663,0.776781461101106,-2.80468291556173,-1.68625982591096,0.398103474131832,-0.963698322297153,1.12524530366952,-2.2623482211705,1.03781988367277,-0.263905551172548
1.28159773062148,-0.378140243580477,-2.88623275764142,-1.25228774628777,0.344957646965169,0.559197535521724,-0.0332121231880863,2.1510478432465,-0.0017930012767891,-0.292495276540126,1.02498518214018,0.128625317727842,0.263043536540658,1.03941266200645,-0.509085638209854,0.605929676876836,-1.05392523223418,0.64246864142423,0.44374507197456,-2.73804552766183,-1.30518926564183,0.653239188164262,1.08384857073245,-2.22118565565123,-3.15086156335561,-0.141031035001265,-0.941772045687054,-1.29239508723981,-0.15360260063593,-0.0271765165579897,-0.649944267330989,-0.619668823112743,0.200922891862438,-0.931673377920562,-0.769842089545483,0.182143664850661,-0.199458688586207,2.01098005700257,3.92224406594355,0.20314538084318,-0.270963293938454,-0.976016156178493,-0.917086749304153,-0.238829930194241,1.79183859172674,0.547641483534307,0.69786172642402,-1.21600969146657,1.0481781960267,0.537799825759893,1.15727754890528,1.31960007459818,1.03104304180889,1.60049351572442,0.241350294047333,0.325871208157047,0.831225765369214,0.266874685457123,0.936656039012385,-3.83102742802524,-1.495978065986,0.629409117538786,-3.91598514595481,-1.67157727374774,-0.0607206860063101,-2.41793364398519,1.44760494917605,0.520103128029897,1.40491433742099,-0.323127417560922
-0.21155045229965,-0.994309116191712,-0.184987691388732,3.40966881101587,-3.08964400673193,-0.317874850946251,0.975650300026828,-1.05083649347892,0.354819262795927,-0.451413575039756,-0.506393533667434,0.379132892232024,0.612422091688749,-0.813715914227371,-0.298354371725333,-1.78577273299876,2.35382195337576,-1.08376934396359,-1.54329510344991,1.65374290245059,10.5863287089019,2.30856058784915,-1.51654420725991,0.706181252778578,2.71384254993434,1.02611536897839,-0.374692456394524,9.96765411394991,5.60915167395021,10.2158591762851,4.89765112200575,5.28166517527693,-11.2249614433023,7.18601653469086,-0.338044633410839,0.456207098896013,-1.0647179639027,-11.4404158214124,-7.56698576887638,1.39645274659066,-1.39996237640945,-6.06062545155197,-1.84390788396406,0.117939241321872,0.00532408447905497,1.16564153260884,-0.284913211410673,-0.1539608393695,0.72508397943631,0.411905160379286,1.03931775658626,-0.704887543447561,-1.21750451220651,0.31972488149605,-2.05285529754846,-2.07544283723369,-0.104723286136792,-0.867270204933051,-2.00929565347475,6.28510138391136,5.13264222630451,-3.35460133116893,5.19859395486425,4.81566352326647,-7.61504470396037,-5.75973244241139,8.08696674925786,-6.89747051920609,3.70808757170396,0.059623584171238
0.327216211529992,0.26343280110023,0.952740171397473,-1.50800474511846,-0.401400935071547,1.42779996810256,0.628452558944046,-2.30737276538106,-0.0889623958690628,0.0574933689584579,1.34969052021448,0.729650725864782,-1.00262078979768,0.959187024738069,1.07004944765983,-0.464370270456343,-1.14422146415723,0.676441905535935,0.433513248707915,2.22594696096744,-1.84599294213173,-1.55759701242998,-2.92690514532877,-0.720839308072391,1.21653096460419,0.364051781441375,0.618743046280289,-1.13511159765796,-1.28549664345971,-1.35339958826143,0.673981202345821,-0.318981232028477,1.78644916854842,-1.79354881626319,-0.91510266917124,0.680019885319904,2.37269579284958,-0.303813430562778,1.62938441614288,-2.1678187301899,2.52089983260001,2.53611584309356,3.00083805254821,0.566560643477289,-1.38743456222169,0.428769194425119,-1.98984939743478,2.25217703503278,0.226155439711666,-0.357641083066655,0.387915374232208,1.45534124845001,-1.38644408520885,-0.235959815024176,-1.14898160385401,-0.741984778192571,1.32521893301335,-1.75432489512068,-1.7646790664184,-0.0193964202632652,0.294258295078075,2.00336443340909,-0.69382345947572,-2.86028883310314,1.15569244474677,2.43784946825018,-6.51719730174226,0.146137541268813,-0.725439925459933,-0.587771496593843
0.0299870978135188,0.915216294890586,-0.75806089178583,-3.02761170001129,1.48289101221014,-1.94951825250199,0.597797881177818,0.00684001750911709,0.156526914285493,0.0204287002416447,0.156109389893836,-0.105244966093342,-0.405168385753791,0.127588788242521,-1.88963665375718,1.72410539101785,0.440253986834708,-1.37857579415671,-1.61291072298152,-1.23307862790632,-2.19541815586314,2.41922062337117,-0.801746215218646,-0.905291054775092,0.250008103292255,-1.30423998637845,-1.1387806256444,-2.91658394527657,-1.37665757898746,-2.81498852752766,1.72766873083831,0.52548580190381,3.75794037885527,0.181299517290022,-0.255376973524273,2.0645460181,-0.902385488958325,1.79312028068882,6.59098895175085,1.17273075073399,0.203614733199665,2.41487448583158,-0.632065609001116,2.76008285008322,3.21641995828727,3.34379763753143,-2.41300332895695,1.92969046606025,4.38440656940626,-3.88034807340058,4.76669162115955,1.74240799708707,-2.08801467566944,2.22817841901731,1.90089906029872,0.476194626086815,-1.81871534421136,1.8611586628116,0.421038767129515,-0.234088830790768,-0.132116807830645,0.158709604083952,1.01695379139576,-1.90938493189438,2.50811300179338,5.31860624119358,1.78900051519745,0.955606720345418,-6.63276084457523,1.60972877022022
-0.375215449560664,1.70557183483152,0.839919705145513,-0.53527498944518,1.13998830867701,1.49188121364886,0.803604625241078,0.889652376694707,-1.20089213340298,0.0616116398563343,-0.163603063974062,1.64040684223524,0.532016888208334,0.716579763177875,0.109827699387432,-0.252551447336761,0.0321317088199496,-1.9502146612481,0.0428095653804458,-0.658838627128506,-1.2144909349622,-0.791194506449116,2.07847481816955,-1.1719379143035,1.26057511622746,-0.3998459508644,-1.13746645860605,-1.41578711538878,-0.933749442627966,-1.50022715726974,-0.33119227590335,0.277430280370011,0.157312587639313,1.74138155334891,1.66306375114451,0.639512158183196,0.77080824535855,1.54039506199049,-1.10921303911882,-0.452544026425934,1.87555817069812,0.0345480990526219,-0.115789199270013,0.30590864989325,-0.285552581375309,1.16036169604085,-0.435409193802644,2.01192171943988,-0.60290560372289,0.651805402525368,0.683738529095248,-0.738799946505089,0.0592802201159357,1.243795931274,1.28809131652562,-1.93668281158642,-1.95904153242672,0.865198457756761,1.32347591734014,1.11074926724593,1.44122915780909,0.352251866816036,1.29069381429558,-0.506577748127801,2.38219453911216,9.92835554285744,2.78198174671526,3.67998588291865,-6.46028298872856,1.22490528849781
-0.146426461026101,0.356053914503673,0.373534033336439,4.80493584021518,0.154027004806075,-0.0366380812580109,0.516691383004865,1.27778126752358,-0.00779417986611476,0.369183092633881,-0.8768951044147,1.93094631176598,-0.618359044053294,-0.117799578919809,0.0208092847798642,0.860941472502278,-1.09778043282342,-2.16361631357475,-2.55083911799689,-0.352315394898976,1.33533799144139,-0.92867826176787,0.288739923178137,1.77875203334154,0.68543921202756,-1.29902901951148,3.09018855261045,1.12628352529242,-0.520106337012693,0.894235493886691,-2.09078977118522,-3.75971092857087,-3.1309247334287,3.07579791845485,-0.325339444102313,-1.45757674593871,0.369776309234104,0.365529687367284,-3.71622482505076,-0.466328626303404,-1.5832892198693,-0.319567500480297,0.581359145810932,-0.686906243116811,-0.124916089081834,-1.31371413563351,0.133759693734598,0.428150716438461,0.606434118433895,-0.272725668590285,-1.18764129343721,0.0268784187037727,-0.0966692147914547,-0.999760429256065,-1.18674396055249,0.594505134164489,-0.541098276301636,-2.83844893769218,0.704267946573244,-0.238272819257108,-0.547859607130857,2.79509681830344,0.569802610953909,0.912268077477553,-2.35566090146082,3.96858468911325,1.54716365598071,1.25424292617675,-5.47921344571399,4.01824404323452
1.20999520023127,-0.317131277234237,-0.747119089699899,1.04562264623635,-3.93825111308074,0.94911582508094,0.872529293897679,0.715158483346531,-0.0876818016027489,-0.464858747013035,0.952297490133278,-1.34440080106134,0.135808809301563,2.23137643032997,1.78607210663667,-1.06543707688139,0.959113184675728,-0.151458563602785,0.940435917684762,0.741590486078608,-0.304320831844937,-0.739571649848103,1.12269930615534,0.709617943582167,1.17878330198452,-0.785108471212791,-0.520394675967092,0.020925271244481,-0.323776935908751,0.3668194973718,-0.795573816522055,-3.794986076757,-1.7350770863996,-2.08669063693244,-0.030283830982347,-1.85220251615023,-0.36782182477384,-0.212343759374895,1.00855088585898,-0.537365848973587,-0.402306674357704,-0.342997099093612,-0.109767009927106,-0.631437499060306,-0.409223404447926,-0.981074198513792,0.697879485013748,-1.17261992066453,-1.19371515525496,0.110973949085826,0.0329964541195461,-0.513542047803576,0.991615956628474,-1.48875116191928,0.629170978113204,2.67211807371963,0.662827533277756,-0.0493768559284022,-0.271866042420452,1.49281412974245,0.950475166688309,-0.364706004722197,1.04911444225598,0.815456959518676,0.927197688212492,-0.758470978829509,-0.1081933245723,0.320792506334966,1.6876277435581,-0.213985191032244
0.161089492962817,0.703708081346872,0.771094401240149,4.11903560202949,-1.80477222541306,1.63783159953782,0.485000052239527,-3.02584043559358,0.078995185839212,0.0831454163551097,1.18370588448157,0.191471200486612,-0.517383090953239,0.268030645070144,0.0302926187714125,-0.60677502888467,2.08343729215148,-1.73883787336893,1.68545491646835,2.44648502728049,3.49720837367209,1.83968184603095,-1.17597727167958,1.68072731813278,2.56845473437721,2.28691666881766,-0.550079755670949,4.85129563968114,0.423327056673522,3.65598676027789,-1.48809789925013,-1.97523292745101,-2.30781550883202,-1.3688105069689,3.55179217241597,2.56812167376027,-5.76341576696839,-5.49246361694283,-2.75170369611358,-2.55001268843442,2.28548343810973,-2.66027690766221,0.0120746528294627,-0.152189726714058,-1.04725954149057,-0.433746219781304,0.812769226854173,0.779701994612687,-1.4957424519741,0.144413763787582,0.965722481190092,-0.0654264863647662,-2.34114928939587,0.139262118164586,-1.21284958119627,0.245808373387472,1.10042307689012,-0.493743704853966,-0.511177092267764,3.22076902841455,1.5319768517227,-1.55253066722579,1.78918827102602,6.17196963996616,-1.01418467750487,-0.651077951300322,1.44434889850005,-2.47095109273515,0.0420497614999644,-0.830372460485762
0.226477285741704,0.538867046395775,1.52462319178649,1.17805684861674,-0.887120637003918,-0.0391676282564142,-0.943551531594605,0.557961544513012,0.351747764221203,0.0176439205592966,-1.67889972009269,-0.674093925313458,-0.348253608435035,-1.26929211289405,-0.66626206234826,-0.0182346339496806,1.13339423809728,1.65636804437958,0.638546142411251,-1.76589815440426,2.01335646323652,0.449554748170595,3.25388865206565,-3.13122703615763,0.45299128944438,-2.01245049225658,-0.314595792793384,1.70162608617822,2.06431223249517,1.43195820056458,0.944784257484462,1.99945128361048,-2.62241327054047,0.55294065280167,-0.993277251465492,-2.33009344448573,-0.377640209981794,-0.979508561788475,-2.69822211249252,4.25579172018232,-3.175121255667,-2.18376843969423,-2.13703618912174,-0.709621720662176,-0.160733823392299,-1.70066942547807,0.0597630564035148,-0.847034197135376,-1.64045822109191,1.00526713553988,-0.912955353226455,-1.14666490923474,2.02302483005022,-2.0763554917278,1.04055791486181,-1.9692128978053,1.66220070427858,0.70055075656575,0.396209371606497,1.84692352449216,1.38354820997016,-2.57034996084199,2.38230196446929,0.914515947308658,-3.43230720731791,-3.94515276981682,3.86656415018075,-4.80961760445646,4.16017698496581,-0.721378688451582
-0.241901827146338,-0.801230897295818,-1.69960881091332,1.27388941924426,0.290569636366089,-0.400803441308307,-1.00536216381021,0.527803993036742,0.206016775061664,-2.65063727300996,-1.1678249995189,4.66420369160698,-0.615443407034733,-0.264993059579253,-0.692037771098705,0.686723057900462,0.11948525619155,0.777446380011033,0.00914267783370637,0.521491287962643,1.07582730120013,1.59040937718445,-0.93198741178526,0.69782901055147,0.497516277908514,-0.373938479775335,0.157505728328867,0.0880774934024727,-0.846048466029099,1.06009020266942,-1.05751677457958,1.06278159698803,0.682411727484564,1.59300763521098,-0.54086292632796,-2.91549431417666,-2.31547001832024,-3.09053832783547,0.172631388744404,1.19669407216562,3.91276570909093,-1.56599779825559,-2.05934176185563,-0.391438485516737,0.686071291581903,-0.721325519664615,0.687382185710383,-1.13786968581091,-2.48327252902046,-0.53274732486611,1.52830630411657,0.818612455063276,1.33559885905782,-1.0113967327056,0.0307922051678696,-0.597958853384482,0.417729314259525,-0.463619908774612,-1.57187020414264,-0.433997295455158,-0.087302739930313,-0.835121028747053,-0.857511426653853,1.31957168066704,-3.88133562517172,-0.224650408318315,-0.439414193254252,-3.62893611116583,0.699340859322165,0.0575381784437151
-0.16585748883861,-0.31415054950862,-2.14696619291624,-0.557666481537971,-0.78693493067026,-1.08628775312837,0.562179235158003,0.691157466507808,-0.558592748293713,0.340397136683467,0.326505042381863,-0.66687421967502,0.120692518517119,0.0965363487539396,-0.966121466415377,1.35481123897424,0.632145323103796,-1.43150801208138,-0.498499519455248,-1.18813315983497,-0.484823405422939,0.833517144047864,1.22228373195564,0.27271215441168,-0.318413584009773,0.385084503013399,-0.930844477313186,-1.67827791729673,0.742854862019709,0.457972930275922,-0.841942549929819,-1.24812475499391,1.99639413631684,-1.71699754327417,0.0293928658949054,2.08490421103899,-0.0387162273174021,1.64351456408756,1.90782102344275,0.610599863336321,5.84023854301296,0.0558342376202165,-1.36674725213663,1.23449611682413,2.03871894181519,1.09648890829764,-1.2311259807072,1.59475642869782,1.02909854527559,0.692092509226564,0.649894383001577,1.22859990189296,-0.497299321116958,-0.157391964900027,-0.530846183168798,0.375727454043578,1.06271652981177,-1.33729158753231,0.153290353770382,1.22739582132462,0.937116969322133,-0.326280532555274,2.6148195814522,-0.79395410349717,2.85059604962985,-0.12698395630442,4.3281900676571,1.41188837455638,-1.22133641100792,2.26576705728003
-1.00171782843642,0.329334667341321,0.0161955249279732,1.06310018235904,1.1173162956645,1.54975588662984,0.148329398053818,-1.30601698433612,0.522668341917903,-5.17475098767895e-05,0.509672267870867,2.06462023232904,-0.275510161624504,-2.31997740439702,-1.78223767018162,1.53842843955145,-1.98662278406593,-1.10467851722579,-0.0704612485924224,1.23039321349867,1.40580508101619,-3.4397927615965,-3.83169325804251,1.87211239323892,-0.103804290285461,0.901042297352751,-0.573393964599645,0.0741654887951138,-2.65474303646918,-3.05424431935979,-0.689690979619316,3.68186917723052,-4.84495281599692,-0.686292384796618,1.36404594973046,-0.204002109081928,2.30893028842648,0.493625666060924,0.0183609422676314,-5.61093413148346,4.70239978806013,-1.30744641248433,4.43778437861651,-1.71553401338472,-1.96927499146086,-1.81376125392806,1.34538939436756,-1.67171821844098,-3.99942326567713,1.94897957395145,-1.00103337505929,-0.452884732130242,0.88984618967541,-2.91890910591126,-1.96016744930761,-4.0009925956342,0.900089706298554,-2.57982127115189,-1.41631707855103,-1.81967954443806,-2.33174678815484,2.15727777981367,-1.2831212142091,-1.06136137125978,0.668549954880485,0.00318459007424954,-2.55269911064378,1.57053020476335,0.671841341269056,-2.01315006325417
-0.392990145846125,-1.45773799704001,-2.33549197285714,0.0107843537137899,-0.408107485205051,-0.191470636972831,1.52022477529093,1.03068691769932,0.6223658229784,-0.234678573713338,-1.22327216678718,0.0621954108519812,0.968047653607379,0.392486242434929,0.0799073456432117,-0.0306841166780046,0.290992690980051,-2.07987397911661,-2.29857899481963,0.328382380871608,0.506854811830716,1.85372477891945,-0.59320149500821,1.06854102026218,3.05236406560922,1.00952418692586,-3.38119370805266,-0.683534860153126,1.5191204437303,0.306572521988517,0.277523797131453,1.49550406268054,-0.512359550138415,0.845468932065957,0.617100386075895,1.48000089126468,-3.57042505456328,-1.89910685672963,2.80841842122322,0.225878233918244,-1.11579226346078,0.164520818563172,-0.945523941071367,0.0286689416200174,0.831943873727732,-1.84603180273858,-0.496414239465816,-1.76939550302783,-0.760600254717348,-1.32525321858194,1.73755706424373,1.32315797232496,0.806278147980029,-1.09695428545735,-0.138619314309156,0.967520099052474,0.0910297239290452,-0.8898091799195,0.507429163049694,1.40594799029892,1.82669782386534,-0.839765166528369,1.35738741098043,0.56109622338848,-2.51800967476725,1.94917316726143,2.37183023484935,-0.922871148841359,-1.47864134451385,2.94592484110877
-0.0782101114639288,-0.783563624562874,-0.282795454517127,-0.0563055650939237,-7.5715015683906,-1.27951276993623,0.460244078097316,0.133390087081281,-0.70793261606185,-1.86906810097752,0.957964905138534,-0.557101785052572,0.634578393099119,-0.084510809491125,-0.00281075662618052,-1.45839093827366,5.32877605857055,1.05328419462392,-1.40536709952521,-0.297345454579755,2.02595394012284,2.69904615901356,-1.87253342449175,-2.06064611215604,-0.00298907808831139,-0.864663142734674,0.732334785263368,0.258199442960963,0.332682841037824,1.57033021148164,1.58051672232552,0.45142528567393,-2.41127243539291,3.88678477522235,-2.62336737927435,-0.549828353037332,-1.98156220470046,-3.07807565095479,1.14222363466644,1.45406990880555,-0.600987831634132,-1.70151299548649,-1.79427589762025,0.564652576335864,1.46617728807354,0.0347910339732026,-0.878482359153247,0.60980261029214,-0.711517614043951,-0.914527060394701,0.271406093889659,0.500817688380136,-1.40627938255107,0.555490697288321,0.34047812745034,0.991160410074539,0.207051426285255,0.831634242205688,-2.27089980088914,1.20235064504415,1.27987259472534,-0.255119303521858,2.19528606570316,0.364552417869576,-4.3229627727707,-0.320012627516237,0.714314439361137,-5.2507801158583,-0.913668779373793,2.02772116816362
-0.86675062982197,0.375898257799465,0.635457722056147,0.0933760046071651,-1.00122589841143,-0.294639036905355,0.0545241751345227,-0.586292716200331,0.190035354193515,0.743347496987809,-0.941021386070984,0.512283795065486,-0.737287166484719,-0.538655423934735,-0.350547191381345,-0.560388104033531,-0.634901215670662,-1.37088463749012,0.871265727903859,1.51872789475139,0.451625658351544,-0.274407469789557,-0.148509492945799,1.54122628184641,0.922844921390007,2.18295948068513,-0.241880747329221,1.03504462169454,1.59700308641882,2.31011905890635,0.783233811975347,0.268190301238623,-1.05703429920442,-1.04604979691857,0.733076770507842,-0.324902668555774,-0.421920124114466,0.115934569822889,-0.270783493414915,-2.95312802458279,2.88451797749546,-0.88443748944592,-0.828630451784416,-0.225585733620946,-1.44468260162148,-0.0166083718911868,0.47230258260176,0.105133310593089,-1.26299732405581,0.173433834049608,0.562220763109746,1.06900602431066,1.2633512321473,-0.760342727746668,-2.24393260171454,-1.30074659387866,0.0213545164874076,-1.74315622303787,-0.852784936562306,1.78174669846298,0.614415987403953,-1.80702539244826,0.178018833361105,3.39731549660539,1.22862296099658,0.912611698263906,-1.65866479274692,0.354446196051884,-2.72284748781618,0.338387347013841
1.35036747907236,0.550368160882991,-1.56685302385827,0.0619421858074349,1.61781822707681,-1.05815090356106,2.67290699730563,1.36760052255774,1.30754762275677,1.39667181363303,1.73653741780561,0.0671453876694926,0.810440891171343,0.428509372710487,-0.591389472198381,2.26859497725139,-0.87593176687059,-3.36635758965311,-2.81890431878028,1.5507572188136,2.51408281110565,0.657529237813526,0.973894162354418,2.16859613885606,3.7347642882007,0.871736164533058,0.526884669399447,5.80653712380021,1.28229783541452,0.230001097729056,0.602656100882402,1.64693274923685,-0.784177616149533,2.55004531788276,-0.256533257178011,-2.2607537528175,-1.58450702425664,-3.63803503674507,-4.01919191532132,-0.309168987547523,0.114120168348505,0.600766091095366,-0.975915961399379,0.890204803894623,-0.514503785866618,0.46230714821184,-0.535871889486646,0.756117159014222,3.11146006580433,-0.200995884458264,-2.28635346463781,4.29278079939649,-1.08322393754943,-0.55977053011208,0.164875736272251,-0.985271966298454,-0.275055864320106,-0.425683276546481,-1.85887252568423,3.42744107072411,2.43111768552389,-1.77570765258225,3.37907931480808,1.6120404963281,-1.3175992631079,3.6490453666626,4.64139974362867,0.46199355148043,-4.31928112470016,4.36939873084404
-0.191873339830491,0.0185438905130413,0.660264793061806,-0.0118935921799243,-0.285549138382325,0.678478173871732,-0.229851759080575,2.79850904286205,0.891520435073888,-0.836891033754855,0.0312241181209677,0.596341558005445,-0.0730812555633299,-0.176949351196895,0.164372463002402,-0.39827939442181,-1.82133169673828,1.53306441667701,0.5468830314952,-1.49330591535057,-0.471508399654123,-3.17171663651705,0.959066824924717,1.2127497037937,-2.02635954289985,-0.267261865525975,-0.0143368655180569,-1.81945353940761,-1.28539256516743,-0.911363982518204,-0.27740663028778,7.52759734544904,0.77691650835011,1.31532913394308,-1.39452988504892,-0.15119362725107,2.27885243813165,3.97498617868264,-1.70645346786892,0.216777943716152,0.240304573824488,-0.0358668090481382,1.98834503587012,-1.01698059883629,0.144676119374798,-0.713379645867964,0.869848647505158,-0.615192100796091,-0.684310513753691,0.593193759196766,-0.768279651060278,0.905008798414008,1.42871374311905,-1.40323150662397,1.01242488247993,0.107247683131894,-1.23177405266766,1.76008066249282,1.2324516140192,-1.34257603638288,-1.39872941430844,1.31203021137725,-2.49403752401214,-2.78468416253207,1.60327853444945,-5.43887402989009,-1.37430782271906,0.400306504613398,2.99415784471773,-4.00442388132686
0.232156217160888,0.17561817048688,-1.02603506768718,-0.438013761532941,0.146742951190945,0.756742900928826,-1.75235756263971,-1.16094088407525,-0.705299187313867,-0.800935648545138,-0.233564722516219,-0.221159980517889,-0.463176425685636,1.4551529344889,1.45427120422106,0.937426491607767,-0.217046206270143,1.77714489787893,2.0760292684284,4.02984149904148,-3.49581883351438,0.102453838615378,0.0133814810101502,2.854834334631,4.18982699771496,3.20536642498385,-1.03952531832697,-0.262664290541017,-2.55333571238897,0.693332555649197,-1.91540106154906,-2.63535715065126,3.32752854012751,-3.29636059508354,0.251389244149141,-0.699799589654833,1.40429269446953,0.312142363282391,0.586588011229072,0.775915057585191,-0.95367611099368,1.34052844066691,0.522868645315555,-0.548495467499155,-4.84128535888787,-0.468637192285127,-0.0897729605750741,-1.45690877830431,-1.14448807500336,0.777942586218349,-1.26021413272192,0.739359423292163,1.0059091793701,1.11659076435878,-3.43995627421585,-0.549767789708414,3.0138076601269,-3.98669838000706,-2.15511983371245,1.40870807603815,0.535391503974498,3.20728716710903,1.9487546032745,-0.232362332079888,3.02208297175529,-2.74280495381526,-6.85623251963344,-1.13962316768628,6.01612822984626,-4.0445462821608
0.698297481899742,-1.84242823793268,-0.259389960406693,0.344162613586995,3.54916699395669,-0.133830737065568,0.747583155371824,-0.213002594046539,0.409947437716697,-0.170223769742004,1.12753595911412,-0.785370926788393,-0.493770237590323,1.1731302879468,1.59999688918837,-2.34574789827137,-2.11888734200524,-1.8968848960677,-0.421787628114534,1.01166989630934,0.118707527061856,-0.890311215072268,-2.51524649158155,0.572522250405835,0.482627553294407,0.36660448253426,1.08324944594239,1.21008014882056,-1.92357367953955,-0.730182224935706,0.796537592021886,-1.23629150484424,-1.85896609606779,-2.33460104553508,2.06324105659917,1.29507439307827,0.0551327428185328,-0.174869862140568,-1.18659213384543,-2.87371572572649,1.06817198205884,-1.91794625676859,3.06639508612477,-1.91104154247042,-2.13679550944775,-2.2041193001858,0.683587425756731,-2.04827281358971,-1.59410881469835,-0.724705306232316,1.3555370960776,1.10100102301851,1.79704818489948,-2.33262925827278,-2.42044566433146,-3.63539626372741,3.141985551437,-1.5733346660627,-0.539841066235224,-2.54954698729279,-2.03251060791083,0.567034025902693,-3.32493666923647,0.0526202471623511,3.91797163623646,2.96571140195903,1.82337672350539,1.11258764989105,-0.61971367764917,-4.55003118120545
-1.17153997177596,-1.55309617783273,-0.430867629340412,1.53813190493245,-3.1588804659057,-0.389205877447618,0.0539955291928966,-1.81739059832009,0.715985840482949,0.86188116632482,-0.937263854150343,1.54513736597549,-0.400308765866716,0.308833131197804,3.5896444511276,-1.71105538880768,1.88033529312253,-0.551680611280811,-1.27371902645605,1.0978487114342,0.477337471273299,1.83862349617796,-1.73298357213856,0.871055198971683,-0.19692493933309,0.775413442470576,0.2163736811492,1.67180651578419,0.230280384363009,0.222773235171274,-1.30943995763183,-2.42411633183135,-1.28105286721879,1.53025755874316,-1.3135794859844,2.16812557196703,-0.320818448391334,-1.48872101547763,2.39362891001997,-0.561747914007125,-2.37829094737228,0.735668280321492,-0.155040149649779,0.788742668457373,0.150981831489457,1.02283246270611,-0.737740824778378,0.575222820220878,0.169917353823294,0.144275621649634,-0.635656519211476,1.52812035374975,-0.113587149426954,0.58580999956952,-0.570060640106748,-0.344407347324764,0.739610800085898,-0.76536277084687,-1.59034227368554,1.95097895966055,1.11909192001952,-4.17782067875568,1.45157491941536,-0.091048931117779,0.196174204071163,1.7295456790171,-0.574222330267944,-0.715996015601354,-1.68638518967156,0.709086377337346
-1.05992365439276,-0.323515656598254,-0.224477858327234,-0.777788532241302,-0.0231181320228039,-0.606587044117907,-0.980913510353668,-1.30520191589321,0.313225683465268,0.403029359665326,-1.54358956444693,0.62786026999764,0.0872862371510609,-0.113363751605185,-0.692261925701586,0.902823064079678,0.087342835672101,-1.38872193529465,1.38490154276765,1.30744374769341,-0.394692584380319,-0.447807130411429,-2.19878770025358,2.53075038492518,0.900515782565699,0.782294131367601,1.17855572999553,-1.6777297921754,-0.0316952127739837,-0.188055621883411,0.889210538991823,-2.22126674973516,0.119178810522426,-1.70914828894868,3.45907940325814,3.63828722133013,-0.342089268580764,-0.424641007034032,0.00597019255955311,-3.7751208619145,1.95709591928195,1.29770602740796,0.594834317445208,-0.376875600093065,-2.01077474287397,0.242301487246738,0.422217875850625,-1.32567616116626,-1.88505553581718,-0.146401175785696,0.793359096791875,1.98213421485655,0.125659881732006,-2.01021137509913,-1.96926542031593,-1.82937122688893,1.16945699949881,-1.30025111687157,-0.167908903574763,-0.354632430440915,-0.954381708044047,0.296370197158227,1.41440960091077,1.45586154532389,3.38061601895806,0.295595087416923,-2.55934605259051,1.67927966413929,6.97334657240116,-1.17931473088009
0.593001615547416,-0.461902870625499,0.713186967729812,-0.883841853593297,-0.507789215172037,-0.939330155849357,-0.807354420690834,0.362555098992137,0.726100839324655,-0.600613176171703,0.376318464915125,0.0884483452734667,0.176136159318126,-0.403049403554713,0.241849684332459,-0.698659717803599,-1.36018509203407,-0.129490829613783,0.968220700192531,-0.416163068736776,-0.696007065676901,1.19861147167532,0.479328919657167,-0.392398285840202,0.110462163774931,-0.32522206572709,0.0858933234670943,0.219626432925171,-0.560292805947709,-1.66186165050449,-0.00558060981863427,0.231172916998728,1.58056831373214,-0.926643417546007,0.401385814730988,1.03218209601237,-1.89789342758697,0.889717030651523,-0.221214196125811,-0.550334226342337,0.856211015156072,-0.123862245647862,-2.1282738018801,0.913157899532047,0.23624103792084,0.540942885720602,-0.977740599034573,1.0089915325422,1.29506763039595,-0.617900137784353,2.17775594328273,2.04728756927515,-0.984479612902214,1.9710925834996,-0.196740649125472,-0.207247363306449,0.349035454911133,-0.119486625774542,-1.37973921156185,0.148366769233472,-0.356051242247209,0.160962457636079,0.568736819914911,0.828867224380081,0.494310137344298,-0.603053724937401,-0.177198964626223,0.721901506830202,1.30649260006186,-0.695876247334253
-0.407104902678547,1.22147475258852,-0.0335026667590448,-0.0031021707790335,-1.5012188621396,1.30510354245896,0.530815112380876,-0.511705415703777,0.0722405950854997,-1.13864354861583,0.592768251477622,-0.0975915837140234,-0.7250665132686,-0.0149632300595927,0.19974586356005,0.913992305602761,-0.0138305173785089,1.55954512950778,1.7380462520458,0.488948564893492,-1.55199985864724,-1.8984526649135,0.869645007384198,-4.02632191388757,2.27400987730902,-0.277796609610347,4.05557274729956,1.01205226325991,-1.60599020935234,-2.08631162910504,-1.19674844986441,-1.84941131833873,5.0700975875968,-1.28707922196532,0.667219828816894,-1.67422406840747,-0.158024180612867,0.672944737590567,-0.890669261099711,-0.158439421155893,-0.341751412135768,-0.654708566881457,1.55211930720557,-3.6585827455092,-2.86164657804764,-3.80031912893879,4.39346820716341,-2.1653580508647,-2.26504422399079,2.79513105042471,-4.34618753111227,-2.60680304781304,2.11861436559175,-2.26117261262215,-1.73055082496567,-0.442266684936575,1.81655084118466,-2.21008076945016,-2.99874077242109,-2.90964788316272,-2.51712626022639,2.82142721201854,-1.22080125373867,-1.07039772716401,-0.720576420498704,-5.04642497500901,-1.89547329310867,-0.337142326718494,6.91144329674938,-6.28700343662991
-0.677721167040396,0.674140050791837,1.94354091733742,-1.26380853358772,1.37209581532903,-1.02279654763009,1.20926808281443,1.6004565461525,-0.663291644592765,0.027273670469444,-0.12571103789239,1.29658488799393,0.214003428373132,-1.52271825970042,0.0373453839767719,-0.0915070122056491,-1.16450962501321,0.225341010176249,-1.20284657264703,-2.91598549695124,0.99263841944844,-0.132319144940612,2.26352104478695,-1.78732767214933,-3.52362412237558,-0.930217614350731,0.290295264628747,-2.35279220004563,2.30633093004231,1.9678751570938,0.954095981622655,2.38131358594558,0.122431959355262,1.91132705650449,-1.65941789092866,-0.245490297434194,0.604617861012537,1.99907229987214,-0.899038031420839,1.62020473014444,-0.415562035481361,1.16451175961409,-1.37267134836641,0.47502120106269,2.52564267160739,0.374171838173886,-0.468460766506802,-0.644776655224484,1.04587216544598,-0.561721656655105,-2.22625137877426,1.71636909786596,0.222852807065575,1.16706791616751,2.71901224842039,5.28793486431921,-1.54287797696177,3.02011904205808,3.15477250051981,0.39573943102508,1.12983339445457,0.793766400904824,-0.457598887810931,-1.64801551194847,0.1740025402549,-0.654158436121498,5.54967118000852,0.619229647789671,-2.685687325233,0.951478549008882
-0.743230176475441,0.61640610665969,-3.05172400294931,0.991133260851609,-0.266573337135952,-1.57918076946336,1.39708012474633,-0.768654404197712,0.166275479827086,0.924834663015049,0.090209675974751,0.582976304824725,-0.590490367046818,-1.36409639320993,-4.6942160571903,2.41767587721935,0.400857712093896,-1.81333431008693,-1.96301608262417,0.89008717064145,-0.630853889091328,0.126991647667795,-1.42647129061215,1.6804150521882,0.178322824196922,1.2939951638714,-1.29999236709281,-1.64500229059134,0.492257681817855,-0.468316445013256,-1.43382896619016,1.29716819397441,-0.297859594849934,-0.694046025177461,0.07705437751324,0.298858038584118,-0.0211286390926923,0.389380632863816,1.03138887572893,-1.52385659915213,-0.352274525746015,-0.420068037355941,-0.105339962210531,-0.981841820365929,-1.01078318845194,-0.498367501036541,0.869506484174731,-1.94706768708008,-0.434779678365527,0.335705702595977,1.37069273862849,-0.704600151950793,1.67502126531917,-2.10560143762064,-1.18270539703317,-0.7065755611711,-0.605176068442953,-0.575870631271592,-0.685131269696176,-0.537752401330783,0.204366535544147,0.841031446666751,0.686543049108157,-0.69384212618977,-0.857920737225824,3.04820847184094,0.308846512971382,1.87110494267766,-3.34158636421145,1.3586334833868
0.134610336808521,0.2881148295268,-0.855391677887647,-0.622374321786889,0.0644400599808884,3.16094406103418,-0.118066005087377,0.149733958401012,-0.178806556572477,-0.409640754431134,-0.372908487450286,-0.491858042611394,-0.28799948485053,-1.30278514694936,-3.29453734250482,2.0035400494758,-1.27232509067199,-0.694349784044419,1.24492136076086,-0.156038939616654,-2.20818440021136,-3.23431175275554,0.310929603923252,-1.63915445083759,-1.90079033539631,0.0504379720704655,0.278681053491489,-5.09707821467229,-1.97802916000419,-1.95804401372022,-0.755794724930503,-1.56770960275333,2.48120751917212,-2.92823522408794,2.22509860246237,0.263476027628989,1.72507273298046,2.6880414126436,-1.69632009991357,-3.64638346785263,1.4067706740031,2.0672974288335,3.14621496947249,-1.09277771471656,-0.110547651600462,0.294955762257375,1.87432702914275,0.602278486429056,-0.921144632109237,0.077142368128078,1.36457082275745,1.61413962835858,-0.24953826565989,-2.11427423079876,-0.165041993735392,-1.05733134392533,1.7409563217134,-0.853202209513691,0.134850832929509,-2.54520060833021,-1.25493030634541,1.17927023430475,-2.0770985332569,-0.739090181735095,2.43938793881066,3.05139797889188,-4.42667786122989,3.92928115564609,-1.93352268831071,-3.02896590302582
1.18647432529704,-1.39353231454167,-0.640886895169102,0.341988065481637,-0.799339313655064,0.714993465265196,-0.97610804214783,0.578537624261012,-0.989761271070666,-0.98259198499248,1.61595289060471,-0.545092961860179,0.606493852003902,1.81945657956195,2.30412179865284,-1.69637982127845,2.08023053850281,-0.814607648626233,2.53677861779699,-1.40865898166391,0.277582715879364,1.33119471677021,0.170360580931842,3.68349968021765,-0.74421647273149,-2.08525437678506,1.76445738779819,1.89487720696974,-0.367404897659834,0.342276834015943,-0.798587195873258,0.533607658535538,-1.71004980911399,-2.76151835385473,2.3791193290275,0.964688615331398,1.24998515946928,-0.581966281618472,1.42396834214991,-1.09703667428758,-0.292031575206453,0.415980511522586,-0.556435639553739,-0.390495793920216,1.45829751378315,-0.447698434763038,0.792526089846233,-0.964258209406529,-2.65692886919373,-0.140742141247325,0.0777221366259581,-0.271897445130048,-0.0897779274386218,-1.4925564077586,0.688062989356638,3.26978824824012,-1.17395869294873,0.2147196905446,2.2376314906198,-1.66875436033974,-1.53488366015232,-2.02345466306721,-2.12937423910412,4.02149684816767,1.16772288226869,-0.201431186907457,0.912340746620168,-0.156632211758041,-0.687460336525704,-1.89413361467824
1.20138552974164,-0.00973656383650088,-1.49053461417998,0.412617265318496,1.85521591644227,1.59473962923082,-1.65117670558477,3.88062772244945,0.198921512259236,0.397067701188552,0.72863738361613,0.0757277963992444,0.344690731549844,2.27541439053483,0.213857616684199,0.49806162159152,-4.69252883315724,1.32423923791337,1.41724614890665,-2.49152909994524,-0.889445120428789,-3.8786233329289,5.2724248410203,-2.01886571979959,-1.01774335167758,-1.49237014978183,0.186866777511901,-0.359431641308861,-0.212805018242075,1.2475508384599,-0.473054929047398,-1.74013019991107,-1.29454023769781,-1.08290214911255,0.129229841994113,0.027909383623943,0.785177837234005,3.80499379756752,-4.72783046662449,0.859264361101376,0.595407600557225,-0.14036038244821,0.0405569545208439,-1.32989944625236,0.956183174174343,-0.405748104114647,0.794365480915623,-1.45126335026154,-0.449280610722877,0.26556861477825,-1.11842842417281,-0.940382505434511,1.37269548178655,-0.800980065851898,2.0042433640508,0.51579126073967,-2.61941762725319,2.945970364191,2.93646869258379,-1.66112958945013,-1.25749326884039,-2.08845885409405,-2.68415024293283,-2.09080758554236,0.0363044531790735,-4.99747218112232,1.82335922562108,3.05106887103426,4.03353034123269,-1.85543194773371
-2.25097547173439,1.28053714941375,0.752096001485197,1.20016562079774,0.493286586808256,-1.1783498914261,-0.244169274030688,-0.743833076585917,0.274866801546256,0.723400733728957,-2.29018712117375,1.0979780518938,-1.83383133588392,-1.0760057292568,-1.70028362549042,0.640220510106606,0.828461088430614,1.09610238653407,-0.983449995603861,0.688351533847347,2.13681398652867,-1.69247438890626,-2.70471545462746,-0.694366240727373,-0.387808644115871,0.135474681056981,0.694014937260471,1.28190919105866,2.1463345786135,2.40028007104494,0.825421311138452,1.65182426502982,-3.33147069984334,2.81559568220776,-1.44223368169751,4.53515912014773,1.05326439812313,-1.30619946409527,-1.45158779983836,-1.97051777246459,2.09491588949086,-1.38687361214804,3.713286837477,-1.89253048137627,-2.14825308247884,-2.26453951891884,1.5021372946865,-1.62926318404711,-0.795749066487736,1.89774380742213,-3.01242251349612,3.50042440652219,1.47087438569924,0.178565828709596,-0.0423649955638996,-1.46392849155493,-0.208539243060629,-4.30826601139622,-0.103318180768759,-1.15795515986674,-4.18715179015991,0.960849212158289,-0.178028886207552,-1.7390586308993,-1.67780127396146,-0.627803607610123,-2.95348436737658,-2.62135902054169,0.85439780031993,-1.29341569495153
0.591743943187212,-0.34978158572967,0.459898739986932,0.000694102544964313,-0.663185676307968,-2.30629039068508,-1.90790271379833,-0.465333960097216,0.663138573984028,-0.495805052095831,-0.662188183920163,-1.51573044769723,-0.757758253548636,0.45323145880761,1.08555056224861,-0.919691870270509,1.09239808383878,1.61129572820849,1.38655654609791,-0.959165221750554,-0.952476604221909,2.05488845462173,-1.27614568593152,-1.03534954318998,-1.38728135030707,-0.572487254997989,-0.866878271286139,6.02280044008232,-0.689247374145182,1.65194940270407,-1.31193736955611,-1.86094075252756,-0.281665198284171,-0.213530864661907,0.36584841591886,-1.82109650003614,-2.22136660124501,0.830817153274485,3.67113637497197,1.03634760312613,-4.89882246040961,0.727091782591488,-0.356420967568422,1.73045549633817,2.00395431442566,1.60752959305682,-2.22408614054054,2.56147509024693,-1.47274257485116,-1.16107837651274,2.30137457892395,2.63384470276392,3.02234878207313,1.8942573266568,2.27345368585547,7.20114148679425,-0.998387816621041,1.85466029297755,-0.49230029190976,-1.70611388671389,-1.17977239056328,1.93660441112104,-0.814465755220922,-0.196553346714283,0.775166939411132,2.40300970671222,-1.38723748174995,-0.872182380035034,-4.01034573579687,-3.03796729056174
-0.991379843513101,0.192724865830631,-1.29925011316762,-2.95607391377225,-0.79214470783614,-1.27210561613839,0.649698191154397,-0.742769638527756,-1.68875216318729,-0.260868432444459,-0.482119025492026,0.243983082189211,-0.510985005094613,-1.5364943913314,-3.11136899556396,2.68099774322009,3.16996636609261,-1.20594483789781,-1.29703677652808,-1.83688198562133,-0.552794492206426,3.6829432881449,1.33596426004846,0.00218556941672854,-0.994438498194432,-1.8602788884841,-0.469885362043129,-2.76959073245208,0.487197837415792,-1.46486074324737,0.872700450069089,2.37158179112221,2.58428086978662,-0.93267539946615,-2.66879762973359,1.31871995074761,-3.13004611319701,-0.451286784719089,3.81113879895683,2.9712076226248,-2.25468120444937,-0.0859702964928923,-3.69546757856483,3.58419838702257,4.81433314328697,4.17709654144617,-3.24209135456778,2.26757091046764,4.13429244986888,-2.67787996150753,3.9512933122624,2.84029633695497,-1.75201670870205,2.27927808498286,3.46114794696589,7.89238949472455,-3.7768739924351,3.3118317944832,-0.470450840040084,1.90474656949525,1.72924996975913,-3.95063806196219,1.2885117534071,-2.13138323170526,0.136905936890831,2.24852746691681,4.67915568557702,0.398966136494272,-5.85208740211814,3.1476024920679
-1.01872646985019,0.580463173967965,-0.807908500171598,-0.766581239097722,0.762584512321788,-0.020114847666369,1.76464070699629,-1.13462099723865,0.926542831884712,0.986693162490721,-0.526132790906398,0.572066453138125,0.0287613780450978,-2.10371112077264,-2.63203251220833,3.73285852301008,0.501293585390072,-2.59449599192484,-3.68547243665904,2.8033997540392,-1.3552423850056,0.321183546440946,-1.36684467425614,3.186880932847,2.23757045934098,1.74176011999641,1.67231979381351,0.49585597694468,-0.258707339909402,-0.66817822540753,0.0990997591056998,-0.46740419407983,0.905575378651096,-0.533388415559588,-0.834908087238043,-0.0955060263718177,-1.43126514905909,-1.47477242484505,0.764263117424651,-1.00963776216534,0.613502629472183,-0.477458095601324,-1.03875349737678,-0.258673291349558,-2.72188189563832,-0.2039847434243,0.0905238964918303,-1.0529749230983,0.0240861039224738,0.357717896644112,0.760110306340667,-1.78431448084694,0.170206849249295,0.566917312848165,-2.1962035366356,-0.508484035367274,0.267930931114428,-2.44769899876463,-1.20002059097587,1.37613192561761,1.35746134356284,-1.07564086199183,-0.922353427772465,-1.11904351285759,0.618130656782338,6.6344324184219,1.33475239067095,2.42336192987068,-3.26832834676754,4.57612560457
0.733844019455527,0.760025940993796,1.63308588469589,1.01380586231655,1.42139472435913,1.56752329617973,-3.12609376856914,0.881494056792459,1.92397428701999,-0.72631488231377,0.0467205687588106,-0.589983250469271,0.627091583849648,1.50832096117411,1.25871175718518,-1.22755979594351,-2.8370582205705,1.21380228326699,3.84218495241445,0.365113795394126,2.16737211703922,-3.89561812037977,-1.01917680345576,0.26524101949281,-0.0576697504017598,-0.681270763356885,-0.274709206883024,3.22594394172479,1.97371133122239,2.06913301687516,-0.146105509703088,0.940302962504953,-0.84163706869536,0.468072274717891,2.23689217723666,2.00731631486545,3.13032301242965,2.32104054574723,-5.42006198202352,-5.04939804270905,4.17801370343772,-1.49029450049734,3.7783353695603,-2.09425806521038,-1.26647997299449,-1.68307124461621,1.120056529654,-2.22825330412627,-1.50169858653064,0.415354731606945,-5.39447705000839,-0.85771620004274,1.90342693041186,-0.0418773499632481,-2.09061176065288,-1.85065590057293,2.6622474175953,-1.67572390295755,0.21073134014818,1.37126912228243,1.03985687435526,-0.163001304656081,1.41068159951127,2.05723624265956,1.72798539854149,-6.75821971020974,-5.75388865975185,-1.08171690125911,6.80334505530636,-7.04001687744176
-0.349655220077115,-0.432827779133976,-0.493974080685753,0.66755267061149,0.108531421825776,0.402903515592243,0.116114207214152,-0.431439405414981,-0.879041892462938,-0.593917055802754,0.308825445910427,-0.441517289783562,-0.253951488976874,0.0836359316721929,0.614476360339941,-0.16034992273772,-0.625089900420838,-0.889896983330414,-0.222932243065068,-0.456010357913107,0.987087504791082,-1.37849176575294,0.649717082370755,-2.7176824891802,-0.881882435056639,-0.729825370866783,-1.76414531156685,1.57229434661116,0.41302008895911,1.74559210337163,0.895651912967043,-0.90444137590071,-0.323742877298442,-1.01047918246624,0.177446964436111,0.0277729653537894,1.72885864080351,-0.447155929370058,-1.77205265257024,-0.774332254033322,0.338566309803272,-0.235960913363358,1.64276757428275,-0.192802497942229,0.211142542623079,-0.640243207309412,0.124167705492706,-0.782204525758618,-0.771126469599707,0.547224185422596,-3.33290316236605,-1.54073712632871,-1.15536742384617,1.67354246285755,0.596885298548049,0.298460751574967,-0.803390622393682,1.31899587573429,1.64849232370958,0.549886985497363,0.0337325732443953,0.307949827251734,-0.22669821934847,1.6684083586243,-0.67276320457287,-0.596096682843389,1.20910096175478,4.44315741710508,-0.0507246035077425,0.247997015786966
-0.870147139770972,-1.01476039808886,-1.86436924224965,0.931695539708683,0.790790090508013,0.837338903647258,-0.0216705136031953,0.0956760835879459,1.40595576689718,-0.934924388201015,-1.21956397979947,0.699300277319318,0.0607819572054912,-0.266145024076626,-0.0492219917401465,2.53318041398532,-0.904570505567383,0.366384341265342,0.119216732697887,1.06751528735921,-2.71109598975592,-0.686205484319317,-2.10668233895287,3.01426713552242,-0.364529141344321,0.182524764835723,0.356535024215953,-1.17010762060407,-2.31261156357713,-1.65158038549757,-1.56252259410509,-5.74732839325405,1.82085019289577,-1.23270811175532,-0.0256396255548271,-0.963849512585624,-1.25724738040331,0.529869452275482,1.43702883622028,-2.21822612580457,0.406290878849039,1.54155886483117,1.90793932755981,0.302333591358942,-0.60323017501962,-0.621147706391405,-1.20380389877833,-0.239166269444949,0.737498151239421,0.0507667645791276,-1.36693884870198,-1.84113855027258,-0.028577066711421,-0.475946732328169,-0.531747821380043,1.1875206351099,2.91194086748219,-0.579581321539216,1.02252712595459,-0.686671669981684,-0.708891129560097,1.44938850852996,0.202609197490898,-2.00337540372106,0.797573175492543,3.33744311737089,-5.38391548521314,0.701010351922653,-2.87381506642404,-0.831684994986084
-0.885260177852755,0.553213807702707,-0.79695438347547,-1.37237924304592,-1.04584818003707,2.8317993797496,-0.44583936799725,1.84312218722148,0.983255242665106,0.462806318871559,0.596532145902674,0.0863813778211607,-0.95218855401664,-0.697396789145983,-2.00838710830411,1.3521220411724,1.33940461193244,2.29006893821527,2.88786074540827,-0.390695153429804,-0.386539780947804,-0.502907044138796,-0.35015128994267,-1.31617006782243,-0.634745280723461,-0.231341748129734,-1.17436341390267,-1.55569931126403,-0.171581316213927,-1.06919754887332,0.0968933463521043,2.6322980165754,0.221820392928918,-0.117348188102321,0.788172508379681,-1.19258626359471,-0.346046258023335,1.30337888558699,0.459410855780225,-1.04184605171379,-0.855067059051655,1.38748800032664,0.624384069839527,0.536558731691276,0.45228375191283,0.655581855943933,0.397908420637991,2.2553118083511,1.59719341862599,1.66698337905869,-2.56946731104923,0.413884289648148,0.700820641764209,-1.06266120684945,0.668165421275574,2.73308854830928,-0.673115731282491,0.956990915803226,1.06372271301008,0.583508132435519,0.0561993508935175,0.32114514408946,0.631601419714115,-3.9228678231598,0.0733891152358721,-3.56415383589502,-4.04152244918738,-1.56555901892447,4.14594996459006,-2.01346771766697
-0.68838900467494,0.30309129381109,0.801296309185845,-1.32404540950637,-2.18740954617933,0.855697715044941,-0.348997146867362,0.862997244191893,-0.132416069732048,-0.417955438712843,2.04520484823883,-0.324359860320538,-0.944665579273251,-1.0191819862586,-0.478167512991318,-0.189266451356384,0.806136141170917,0.36690384430288,-0.130583193437567,0.188754627022635,0.0258152814583318,0.0398225512516237,3.67806985462311,-1.28923558144708,-0.749621166146917,0.668534028766357,-1.28965086777188,-0.605480297140577,0.38801706961901,-1.08113444825383,1.23724203654049,1.85276725650625,0.0743041122804057,0.747919111425305,0.464487635909226,-0.554388841769297,-0.186580790057978,-0.165306501457629,-1.62132534022608,2.96426556704593,-0.248481599355133,1.3175144027842,-1.98239112824114,-0.0176873062015976,-2.01634576191042,-0.800417343148422,-1.75711301832488,-0.533005275695239,1.07903948899898,0.772679413784727,-1.90692366575928,-1.53144255936636,-0.570085040912918,-0.216057675515769,0.849128955056249,-0.346028820261892,0.406087376870438,1.89064358527148,-0.728453956062559,2.98922000217165,1.61448918054044,-2.53735454307452,2.73215645670497,-1.27996840235793,-1.94219539248323,-1.38421794020089,1.60624189506246,-0.230007658751188,3.3779082593111,-1.08428737541622
-0.657455771194558,3.11868204676092,-0.505666877643537,-0.18483222223881,0.606984159043431,0.0320721191253363,-0.242387944582699,0.37458228352967,-0.0268140871593864,0.362109159204199,-0.0233801516609249,-0.0341484676927649,-0.846578053770762,0.295925569912471,-3.52578779241071,3.62943939036553,-0.493464727187278,-3.47899798854309,0.49763416261062,-0.107291740625547,-1.12680207548157,-1.031298896957,2.4771301091063,-0.42407125543057,1.36732547254816,0.0093581769958391,1.73084460057463,-2.44167032094855,-0.760549422858148,0.438190694059766,0.993107229967217,-1.15267338041412,0.299231013681028,-4.5449247243226,4.0739843689093,4.35841525580291,0.562194002542477,0.37416140674265,0.534672012021439,-2.15042781387551,1.16471338756238,1.67306162898474,-1.10975778147229,0.362966392149461,0.643045762744751,0.206458110816447,0.0817812318729806,-0.241317608352082,0.388157481927462,-1.52010439296962,0.432326786729772,-1.15514880100101,0.440728883779073,1.6659109343246,0.825806609713093,-0.8459088306468,-0.370143572173443,0.619584240772309,-1.41362215322044,1.86132853282125,1.63138249394635,-1.08455371954621,0.40330011161866,2.22389195903948,5.76856120667642,2.84751772917247,1.88779857168519,5.88417681810322,-1.56730647181536,0.971512528169887
0.291475927286274,0.7525016927148,1.42931860055031,0.285779757726518,1.91931981842308,-1.31300456588372,-3.08434922214778,-2.07100822181344,0.575145682193513,-0.826289922454682,1.42193492229656,-0.398929134699323,-0.562334735194818,-0.865128784905541,-1.37801693313618,0.361352198613038,-3.31812109494738,3.01982455888397,2.01645540642785,0.553252119595051,0.104308136878018,-0.55253373567948,-1.62087574603883,-0.908501015174567,-1.38961968631279,0.294862176204679,0.203774590313581,0.555864477016472,0.334630986930002,0.432486312128215,-0.482961362813777,1.20532717761147,0.705518814408819,0.159857856493575,-1.78162318018903,-2.33135776584451,-0.0430462163103564,0.833810828748308,-0.965198489521065,-1.80529830471425,2.00583498894269,0.601450496654297,0.93295892699289,-0.825760545026567,-1.69542469183113,-0.68207707894274,1.19096237049721,-0.277982982492328,-0.996291222717992,0.707515387419052,0.560219456322783,0.0316412317131505,1.70850607536473,-0.845162824251404,-2.16379371657204,-0.674720030594487,0.457791871799878,-2.7106284983851,1.40871530594885,-1.96110453224823,-2.04569800010144,-0.0732247115855609,-1.01000938288068,-1.16724172455318,-1.46516759938444,-4.07791376035378,-10.3673390419383,-3.66847487422613,3.39021347961844,-3.06965926669259
-0.837448664757425,-0.271992391994732,-0.0759301355982112,-1.14594363450066,-0.178378560509781,1.17359402142713,-0.339807994036039,0.60901720086774,-0.575642754522001,0.232612845912333,-1.48693068035087,2.09612921356878,1.04442800791722,-0.519503371944368,-0.787794554499385,0.10955514455347,1.13136441738606,0.80930559232974,0.720896033720128,-3.81013325661233,0.893543569683822,-1.33011099639302,-0.0770743227961823,-1.9475776968302,-4.30898473306803,-2.36539542734679,1.14576502145163,-3.39115579191502,0.0779431577197238,1.00749228753419,0.160019157305067,1.70700667911885,-1.06206740547321,-2.53550070695466,0.654421528672085,8.30016206305793,0.844682895827031,1.45790405965281,2.05251741393475,-0.789405948046029,0.324072433005628,-4.42673595876147,-0.758345943579919,-4.42994521354639,-1.35486030958749,-2.94888813864393,4.10828843211346,-3.75593519602667,-4.90251486143702,4.59154932780152,-3.35289416066195,-3.03276947404169,3.102582009421,-2.35544001232996,0.032345963495363,-2.75717556734526,0.990436669173366,-0.20168333206031,5.55942375606563,-5.78657135168409,-3.44245970058211,3.53570166979182,-5.3463365132479,0.568094398185297,-1.85599599487787,-6.11863379731852,3.36389128316752,-1.42927895679194,7.01758599655618,-5.70971363299752
-0.879128149054,1.18352047368455,-0.230578750078879,-2.20897625769805,0.215180663203563,-0.0493402426694458,-0.799808364966953,-0.399999767223438,0.517661577646485,-0.712875621991492,0.208329339013416,-0.091010944320841,-1.42891240135796,-1.23859233572936,-3.00868189402867,2.45209782691642,-0.0692669527136466,-2.3466363662203,0.61342563449048,1.28169636437507,-1.74100258877163,0.481369390641717,-0.973735173336287,1.02885983214158,0.607487764972248,-0.0132562253406652,0.167484691055908,0.405717083847595,-0.094249503402384,2.58929339604261,1.07554912268782,-1.46234028396717,3.27869397253406,-5.25857642614688,2.83991612831924,0.73982788248431,-0.259968685572928,0.838880853855772,0.284975010983671,-3.36934735372948,2.96802161882382,1.84803977485497,-0.642967940330176,1.35010341653418,0.722944451911101,0.28814435020889,-1.15687712886043,0.240306656407223,1.53404238105586,-1.31608543873198,-0.218612214700691,0.472838602923306,-0.406882797345425,0.729588524846981,-0.754864019984377,-1.31372028281453,1.21519819521657,-0.188520023277488,-2.08286203362349,2.2474267581176,1.19737178471664,-1.92184232603312,1.58181057577514,0.139121559530367,7.82336721798044,5.12632056455779,-2.30701600140685,0.385394000497446,-5.79366937180672,1.90397252988876
0.606487642099163,-1.02243483680525,-2.47852001618525,-1.11298571214637,2.04737060356548,-0.577158194045365,1.72381418570457,0.702687376777101,-1.45108367339979,0.801697420625592,1.93355668588065,-0.605975597077229,0.195762435611037,-0.595385954551643,-1.39040509980841,0.746070910430551,-2.65028790477112,2.38420275108301,-2.2296604819603,-1.06102967368563,-0.396838087932045,-0.121699037310246,1.97920379238791,-1.05630922244891,-0.843346511264211,-0.011133309467058,-2.09685917672493,0.652982002481698,1.08780272766122,-3.87224494848771,0.961489777063995,1.78384536681979,-0.759700376213784,3.8749723057045,-3.45171368388459,-1.88512725111758,0.980687449892622,0.970775389127922,-1.60854521649279,4.23717187855941,-1.84334216343898,0.779862719140892,-0.0576424012842025,-1.10579857620613,0.0989990655943435,0.2190777538222,0.0415854987046506,0.57842665678584,-0.542564702332497,-0.163466171757739,1.11184326133896,-2.09093782391612,0.364426459669753,0.981971596854224,-0.610205948084976,-0.0584384969379313,0.598466253728623,0.4719972106538,1.88308208783171,-0.230218108560504,-0.248670187285467,-0.0138430296653843,0.784070899239571,-3.83410106058981,-4.77426552411655,-1.03826905772777,0.781959284068526,-2.83120251840433,0.700639331579237,-0.417326023555462
-1.57629055074441,1.29173980380643,0.43674182325005,-1.05690043056246,0.286994091918346,-0.376204101673772,-0.948056171152162,1.74662943561693,-0.920250851933253,0.101441625593176,-1.28866185908686,1.06118886736128,-0.343530692958895,-1.16437066499571,-1.74611704884058,1.7711843254339,-0.690240098027775,1.16591449147886,0.637305183700584,-2.77378187479711,-0.255174285670618,-1.53147781754362,3.46562844099011,-2.25357704023541,-1.58095945216313,-2.93199633776865,-4.19250927822469,-3.42499504992392,1.57151022016829,4.50512226533629,-0.289909876165481,-1.21243853488885,0.197368709587427,0.200552485712701,-2.92559186205749,-1.95276529956374,2.56770327221506,2.40874153799593,-1.5887066546802,2.52543120677634,-3.14778333596942,-0.296752391718335,-0.391413448807404,-2.17844826592158,0.379181499023287,-1.67784220325822,2.20755357225318,-1.39167295401295,-3.18919816115862,1.6451185747258,-5.32318724537218,-1.50315042385952,1.31137736431254,-2.74151351236483,-0.0351642174701672,1.38441964916245,0.194645465010215,0.0714476785839123,4.07475830898933,-0.375107693441532,0.500740532243304,-0.921875576879814,0.196697625296425,-1.97049505956242,-1.11929058354919,-5.14818117770987,2.50535872036857,-0.253394201446528,2.77783951610257,-3.44074493820555
0.457032472575919,0.221677330776287,0.508473464332836,0.406164948270551,-2.63725399400592,0.849381763402747,-0.638179139678698,0.0228585424801273,2.01357604534823,0.272419254303825,0.724235369932889,-1.32070392571639,0.125389700167276,-0.503328548963218,-0.304229194849873,0.0718955058583979,1.59215820522748,1.27796907254155,0.467180935515237,1.05533905976245,-3.47181536140368,1.76427553415791,-2.753361020658,1.68616150790869,3.07023993581197,-0.425743808585683,1.53357266775918,-3.58758057012847,-2.45286874591709,-1.83878639576431,-1.10857602573386,-3.55695219930397,5.41734768394852,-2.22278235496358,0.135175844978524,-1.7202852679513,-1.2244654459769,0.201162416425492,5.67256071203354,0.448846795439974,0.0895110189958878,2.23641361672572,0.167374171750114,3.06111998985161,2.05526610167228,1.76643765015494,-3.17173200890896,4.69399541041395,2.74801740968379,-2.02976832126583,0.988362884589142,2.06662737056523,-0.683827688130909,2.38321633358455,0.467121583132103,-4.03890989904215,0.229239661577155,0.396521291962607,-1.46168567115647,-1.61184174295252,-1.59858975782485,0.416193066838606,-2.95333946998145,-4.18816171820156,4.32141658233694,1.25204550313955,-6.03922477959457,0.787778310410642,-1.18386880861502,0.599691680517056
-0.687042176528533,-1.77613866850945,0.703206981620965,0.932780825692078,-0.85263898022406,-0.488942951129082,0.910967652129127,0.060626882831958,0.387135907793537,0.643960844307227,-1.08491168527547,1.53085824506762,-0.986936623147963,0.368253053045192,0.991238127334764,-2.23127980621872,0.0577931055091965,-0.628286605695482,-1.38631166742282,0.160510902622129,2.17898932166692,0.238097765132688,-0.872076042578235,0.556155883413575,0.959913577639837,0.68204972358632,0.480402454251889,2.56422408436882,0.512837393717524,0.646977044095135,1.29034051612278,0.365985873044876,-5.06698915417887,0.0862795591387115,-2.01270836882578,0.697156628922355,-0.958171254027641,-2.47947812429874,-2.6603589396836,1.39281892426744,0.144162082772352,-0.256057510123295,0.10320335321245,-0.455368912949178,-1.22957142072906,-0.269000212826619,-0.0298887575645079,0.60613463969188,-1.46435850319664,-0.18816068030456,-1.15204323764457,-3.21919041021733,0.25353776374248,-0.233976501115155,-1.23595446599623,1.42555893503248,2.36900019665077,0.875226906301248,-0.399650216729367,-0.158020708053589,0.970529754944413,-0.846774671999463,-0.118955491566035,0.274433325449817,-2.45115698420322,0.463421737180609,0.540917084997578,-0.00360614329308095,0.0380742222154691,1.83304828286521
-0.181865473622451,0.662236933008584,0.985564292897999,1.29257944305069,0.693343532763012,1.29736401124187,-0.0331088256506504,6.03624486871618,-0.641713286806952,1.17787566427699,0.756779443630264,0.450573395739106,-0.392271102843892,0.390761390903055,-0.391322806375449,-0.506018120377025,-0.81791899689661,-0.0351435399144899,0.739657198804937,-4.92641475699087,0.223938729279197,-2.73261377636061,5.84134506822726,-3.28750593804793,-4.2525153522035,-2.63927233516251,-2.27276680705454,-3.48454072235146,-0.992241255651752,-0.0258821104972958,-1.66828615571985,0.458804476294629,-0.447715290948504,-1.91921546295869,-0.123768445669761,1.14650544249097,2.82980738727507,3.97957259062309,-3.0335113265293,3.7278437688895,-1.13042711463147,1.14562012644387,-1.43517588722455,-1.82117364566353,2.90572742450222,-1.45741404103272,2.7768435154237,-1.16752289048461,-1.82550559589286,1.32211452664042,-1.595866732907,-1.17292413456089,2.09466181760677,-3.9236360345468,3.22985213551192,10.176986843897,-3.86453605189865,2.57166068016593,4.34551550974763,-2.63061016701696,-0.722237865344962,0.030947090500109,-4.20455855780596,-1.4534656054121,1.99739053005896,-4.85878456673121,6.62770160215346,0.674599525827176,2.02929675888659,-2.3156855115891
-0.693620954177254,1.22841563995597,-1.25504299427115,0.493566511927189,1.20655922345374,0.000168574012790117,-0.3615375272858,0.960035039814971,-0.226194328141427,0.960148403544586,-1.33419756332859,1.16596598434555,-1.0706832669811,-0.860445300809725,-1.29448242114729,3.83147414918141,0.39965249352945,-0.822106979660226,-5.87417179604168,-0.551675465991712,-3.15416805343935,0.192577083331186,-3.04997925903829,0.129313495988953,-0.0316966737255421,-1.49805721299844,1.63045435898302,-2.09775526930306,-2.97481490625886,-2.10948274268408,-1.26596344420994,-3.36764113966403,2.24446140684466,2.61932800115479,-0.841733203410112,-1.30043694963137,-0.824027770874793,1.96421897428928,5.31827557253786,2.29496495037285,-1.35680612860474,3.45988477240998,1.8837287166996,2.79625369501884,2.25596938430141,4.10004825817728,-0.790828757703152,1.32893830531724,2.15477255760598,-2.07420159158748,0.759147393267707,1.16610250617301,-1.29570511658704,1.66708234372633,1.19616502359789,-0.492105870568575,-1.74891217155123,0.609606101308842,-1.34921577112432,-2.55799160271081,-2.54890485084353,0.638770044241483,-2.03290548694944,-8.38426315231061,0.0397176561797355,10.1729223910955,0.0342470443600412,5.86912601819774,-9.02053554200498,7.20723528505997
0.414697073648339,0.681628387122887,-0.725545720195656,1.06771161030096,1.23118774645255,-3.32265605228571,-0.78334640168491,0.206628814147818,-0.0365453020250198,-1.64262497866953,1.63267028665678,0.264809955306157,1.09649063147304,-0.241856827892951,-1.55346259354126,0.544950895683021,-4.0977385440415,0.987435037870385,0.876772169923864,0.651579039676346,6.92244349003877,0.60551691851763,2.19723863431221,1.19706576202668,0.868349653658729,0.999358881804569,-0.900628758852649,5.63871299493607,4.11532398932479,1.69380546716133,3.61774978409336,3.07145674172901,-6.85484067357278,10.2753540468877,0.72889954061444,-1.09456719521997,0.227371069741555,-7.55711329072962,-6.13589263911376,1.92552495858307,-1.87475365264852,-4.15134486901202,-1.66344180645059,-1.90951210394783,-1.94738940096877,-0.783379677245091,3.08111419808935,-1.96298207536984,-1.13838978436627,1.55307461603989,-3.241954147966,-0.0935184458527416,1.8227684164144,-2.68914574585725,-5.29567208774631,-3.41102797137322,4.21221939723391,-4.85815640514436,0.432844584515268,5.11265801170468,3.23191004452685,-3.77692948035915,2.73214772448033,6.74739037582545,-4.72987974808647,-7.00248714047348,3.56635250119786,-7.38793177377093,6.45908542308984,-1.4926669713969
0.397823082834565,1.40290516818493,1.413273550207,-0.283950225489136,-0.832587524760051,-0.916840607401756,-1.11093385475336,-1.171731901419,-0.536984621548226,1.6026602694829,0.162165206888508,-0.238161377378791,0.659483577861905,-0.153647539982306,0.393747338760778,0.114295742136885,-0.00508295714072271,3.11525333077744,0.109216240981639,-1.35405587699055,-2.96753453731464,1.45775115944059,2.42461451443904,0.445812437581488,-8.81377035459453,-0.476622660220349,-1.30272396038896,-4.87010653965455,-1.05073091628149,-1.79054616454399,-1.76494108773189,-2.94564546022736,1.91394708884579,0.170015727454553,-1.61160658156856,-1.51846139923674,-0.0452970507701175,1.83080456183637,3.86795671893325,4.04557030359186,-3.57757985342295,3.23789297836595,-2.35905926226238,2.92013430944167,4.2206720349644,2.22337459608285,-2.30482605217554,1.54464009798524,1.93444852487661,-1.5962737474361,2.28376599070277,1.09881539505271,-4.92807582775126,5.49195398998393,3.62184338071176,1.148642771088,-4.42100890872666,2.19199206158393,-2.89289196356869,1.02300125423374,0.591629804625473,0.581266247718172,0.343926695896664,-4.43036309044125,1.56777869498034,-0.770900979819678,0.778153976881809,-1.45735044864063,-2.31813080496387,2.39417933789072
0.177758140403117,-0.290641405938404,-0.160064447109561,1.29330411556447,7.5184072731682,-1.36629978373673,-0.873067131029779,-0.278959475194726,-2.2140561847824,-0.869911102704827,-0.797046902944435,-0.984021207826221,0.0176240208528162,0.135646951056382,0.541851306707803,-0.163652147044171,-6.76228497698837,0.912509625489734,-0.120826472049261,-1.63957987712235,-0.635002236263601,-1.03503820829134,3.07258326403608,0.0763683707298037,-2.88879093040458,-0.623894228334512,-0.315686628738094,-2.08184730322557,-3.17868163479405,-3.39447871557293,-1.62140311240402,0.256292482551808,0.0232307697385414,1.29933587200106,-0.648029969227116,-0.816269343882256,3.32300933087955,2.56890829450545,-0.819507116999839,3.20632410294994,-3.84501287648571,-0.501341768317834,-0.653942201754803,-1.21867844881663,-1.60693955702716,-0.812787719242373,0.775167631715046,-1.5654620038507,-1.17683352248563,1.88366974743857,-0.915833564237655,-0.532639392622119,-1.10357470791243,0.793597541394759,0.751268355594184,1.26396978900258,-0.664226161586804,0.279041341763688,0.741114810191656,1.24693875572812,1.97508485910081,-1.92246628736037,1.10043042720826,-2.17918275054008,0.4192197256714,-4.00720681543976,2.44661247245838,-0.769253871999741,4.20587492815498,-0.98821551409525
-0.465503487414378,-0.763981098635538,-0.159863058402004,-0.747132420776093,0.154343448966502,-0.46795566742179,-0.153968700626097,-0.0438147818957569,0.290969690637663,1.47772994192144,0.391001894267859,1.55071922489769,-0.153847889472914,-1.12949339097149,-0.147668815946018,0.883489526749889,-3.16926218422804,-0.1164613534085,-1.24664110249346,1.47703670547111,0.215467989713516,-2.34733457761919,-0.238517557505888,1.57915431576598,1.70805311568172,0.479344751879559,-0.936425311626266,1.42287318200021,0.873620588210137,1.41847295590964,1.17793246351107,3.01194685785869,0.916780506641254,1.16431020127919,-0.817104643030435,-0.664709390777277,1.94998534199667,0.0595846222958578,-3.51192928420341,-0.450107672177238,-0.592137479226323,-0.583170981213376,1.31281994582316,-1.93404370174491,-2.41704921784342,-2.16963677244651,1.12398927243907,-0.859204513077012,-1.87941608670699,2.33514201163269,-2.01186467083748,-0.599989547043072,1.93687149117006,-0.0381629069765361,-3.15023507296235,-2.33774379239106,1.23206127191575,-2.43031760682406,-1.03025572847277,-0.0682031744788118,-1.28731758184177,0.450620984755048,-1.32934021119764,-0.669759057756911,-0.641457276854187,-0.290825221575357,-1.33862973494944,-0.38330311890731,3.05773659907589,0.491292988926215
0.547310512064663,-0.44648112782696,-0.558073363053442,0.984046795206344,-1.97565165023592,-0.615919746512269,-1.26146283872259,0.405505768243941,-0.53851691882029,1.51347816785217,-1.90383064523621,1.93698190530755,-0.117566708711938,0.129321480219897,-0.102965901533356,-1.20640529974996,3.98215789157108,-0.556421628084625,1.06620757955512,-0.413089364573698,0.937106652346672,2.40215268922167,-0.353229922493203,0.768728542663758,-1.07310482299165,-0.937598037622955,0.671993660912501,-0.130730947682652,2.09536440120071,1.72000087977564,-0.684096716325088,-2.41615615555315,-2.12260630940895,-2.22162236816968,1.10653437873634,1.78129633808562,-1.15264608891985,-0.818912857469475,2.1304085400226,0.101592798981453,-1.74073349057253,-0.171996802663109,-0.991108110236101,1.93561671001665,1.9053452070758,1.03409146302464,-2.0828055385826,3.05301398412465,1.52761079224166,-1.04458461160375,1.92158273941818,1.55038238396063,-0.773335204098305,2.92871780452712,1.64325449634152,1.90705891592319,-1.07231510586017,0.843589953986602,-0.516479294435849,0.945401312435877,1.85693166669842,-0.713666996801524,0.684569161268959,1.73340501728313,-0.123031172472353,2.97812446423201,2.16149645943091,-0.888021461126672,-3.5888615613488,-0.121710476669018
1.2043965216446,0.517800015628257,1.67389557301197,-0.941412432376964,0.769794284227852,0.576397434090691,-1.07914612090528,0.00717865592465499,-0.344904589925855,0.184114696499813,1.15622673425099,0.874382190955888,1.1988403576872,0.161732770205217,1.47035582854999,-1.37709784526591,-0.56125110467153,1.47486777786196,1.16779295872129,1.40088457030556,-3.53826128891353,-0.251509606558672,-1.4796627660545,1.10136979827653,0.364580805998683,1.63579467594066,-0.141252746790088,0.08939914605511,-3.62142601154205,-0.164039904975723,-2.01763125237,-0.92346336531087,2.74608716022844,-1.63573200547339,-0.813882522458317,-0.289549593598868,-1.01089789918008,1.7813492030695,2.70256917949432,-1.27465933881332,0.766142574595003,2.84189149727688,1.73025691900305,2.57179733808542,0.969013657763054,1.99048973137957,-1.56262940618454,1.20735001472318,2.64432282678276,-3.20788687680235,2.48655927083681,0.451820083355449,-3.54586881430984,1.19891508127017,-0.0943102920341256,0.142715090314889,-1.10908341637444,1.30841179347598,-3.61685487453904,-1.22323894123232,-0.647825151876908,2.68433618332425,-1.07461985306428,-4.13431920726832,2.77983548818867,3.73582360733562,-6.82568874327965,1.44883190714535,-4.80623065729181,0.97493298731108
-0.243244731026533,0.559291075830029,1.09322750963379,-0.634797286693341,-2.92244879312266,1.63818764574734,0.848853954967027,-0.440240209406248,0.613569382036725,-1.07935413248066,0.359429077600766,1.21018399919472,0.0536672204008097,0.333319584686373,-0.528869619255415,-0.624820386179888,3.39127237604182,-1.52389623857822,0.781047626338277,0.194121746670993,-0.03453276474189,0.594437379994685,-1.64045340749282,-0.740461057536414,2.1198228670851,1.77573764349894,-1.30695367225536,-1.00081665877691,-1.21974113561339,-2.70584883988485,1.572005050772,-0.642719210185204,-0.00759739853858865,-2.8907248886444,2.32765517163482,2.81447407743962,-0.340391815330823,-2.04224232183042,0.634585210896055,-3.14970936458275,4.33585148692644,0.0742574936646755,0.166898671639283,0.455346338501753,-0.204448122483438,-1.17173452845252,-0.959442206427555,-0.503623908119061,-0.329139905149901,-1.52280791714982,2.67354217079407,0.375920098185171,-4.06340128543881,0.190438722940065,0.213992350389733,0.751087964689995,0.430103221125324,0.281833524975015,-5.54069353476197,-0.552540210537362,-1.49455913426964,1.07179930320832,-0.35954732262024,2.59507305828848,2.34810242060808,2.77663491981266,-1.31274257436557,1.95680641919236,-1.95143638212308,-0.0150829602317375
0.429714574445574,1.63844526058404,-0.199128596531725,0.151874553051384,0.715332248983618,-1.59636908995209,-0.406600910655233,0.463711029317495,0.020744531713178,-0.602966575219238,-0.0870879537548253,-0.445222613471657,0.514009271292729,-0.433180825666818,-3.28433150706309,1.42416545386102,-1.38191127497623,1.09111290924038,-0.457230855047117,-1.73799659783713,3.48992241162173,0.9136608945561,1.6855501956159,-1.39146178597427,0.33987346263545,-1.94694072447491,1.24812667259501,1.67708906489159,2.18398046234565,1.95148538763584,2.08826971436318,0.738969536261462,-4.44132307433812,3.98137190440082,-1.38796133850634,-0.538171504370977,0.664619594024379,-2.14779325782387,-2.559413726952,3.52904534475268,-2.03892003510171,-2.65544038090991,-1.85732557512537,-2.60157032925393,-0.904643674450408,-1.97695179444218,2.27888582163023,-0.803889205532029,-1.47056033760212,2.91144577389833,-5.49040061554205,-1.9944385522095,-0.091840154672205,-3.09674094095872,0.166947549096827,3.56785901870734,1.00158308257313,-0.474449767460547,2.71881102367938,-0.056244679532418,0.609169769011991,-1.43296893263514,0.263249822940546,4.21202362270251,-12.5221721599199,-5.79586777298865,4.85076700877031,-6.51058719331053,5.88338403353909,-2.08270435796191
-0.251025830375915,0.41962767891479,1.57095986168089,-0.343206967813635,-0.382216494426476,-0.707372774330443,-1.07778758936753,-0.1237564216512,0.798579911378272,-0.788901807845655,0.860923588129963,-0.333737385099735,-1.07430898297939,-0.72590153911348,-0.109395097712899,-0.954186583032989,2.99072145814429,0.496748823047408,0.125371370701323,0.911204989639147,0.685502023862919,2.07643320140358,-0.0389778951391847,0.510093724536411,-0.033377518820093,-0.101281324951842,-0.203254103000567,-0.16070640519212,-0.144153829540978,-0.676275691533877,-0.192351710085285,2.01826114509674,-0.318066789734861,-1.96767614928618,-0.509550508314297,0.0235246031307049,-3.91466284289002,-2.47385930379783,1.52950010493881,2.16718049937316,-0.367325038583064,0.235026425454675,-1.954998029091,1.98814787116044,0.968491787259983,-0.76174118324208,-0.853069323387994,-0.393039700964051,2.43710716459454,-2.30767529148791,0.474805600750397,3.37365873763139,-2.6311047857692,0.811505386546869,1.39942194731562,0.121244899142796,-0.32517720998527,1.70301431277664,-2.96192137454269,2.35971574890856,1.97286205635194,-2.68403795498747,2.04827392344888,-1.26012386401865,-0.0271285292196988,-2.808450273127,1.46221662455092,-2.11246175553919,2.24638138694887,-0.10197185586366
-0.0014178293982932,-0.806956618374548,-1.60217030115567,-0.25056046390308,1.67831104588292,1.90992749891938,1.0902837244687,0.130863812143608,0.0511440844323198,0.329553795882913,-0.885222625476719,1.07827622812138,0.989142648285901,0.00395107992954817,-0.236197994876282,0.64409794971064,-1.34568879742332,0.470532464855571,0.171379668515208,-0.286735356381606,-0.271348324433361,-1.95556109612113,-0.133118149453096,-0.385753438880144,0.639565064186779,-0.70301345570605,1.52175396312806,-1.75924651786949,-1.39790742935923,-0.884490450299683,0.60663699817113,-0.0315920624919999,2.48007827472534,0.598893177120511,-0.257399028698161,0.198497127574225,0.2767313242185,1.52107922885433,-1.02250839742745,-0.733363856784982,-0.245377715771987,0.409059876940115,2.37901340078121,-0.661210440591662,-0.704114046905938,-0.837154789443786,-0.311913204755173,-1.71233180578071,0.438498139632666,0.613241128292725,0.683463179939365,0.536813343326354,-1.01231775164025,0.0124255822359024,0.338809989284308,1.4868341447739,-0.022108878543786,-0.757978257695453,0.0501573504975174,-0.902316841723108,-0.578057070071955,-0.0906603195037525,1.20440798669157,0.250403300176871,0.188255419903224,-2.0673285131794,-1.39409281610157,-0.642544529186363,1.79701615781225,-1.41247193859167
0.426699615558106,0.297643670828633,-1.14696126900104,-0.833005982633188,0.0167286195678515,0.107114910431265,-0.985580938106241,-2.40563563477447,0.0257391779205105,-1.08125928723479,0.239954130000869,0.518853056711495,0.244520990231423,0.390290698687754,-0.388928006843395,1.73824930567228,0.850860922779926,1.8850602694333,0.78154762953537,1.59734891293834,-1.23145157875548,0.833988611299483,-1.36095279564731,1.72197202143461,0.154685348996489,1.72723165457907,-0.456243920746177,1.42896366316098,-1.48222293540642,-2.6383059501184,0.03204615473702,-1.54032279378698,1.34420106520378,0.242525224053978,0.111657062602351,-1.68443769192685,0.162595332882616,-0.625542212926249,0.134282322720504,1.28282021885479,-0.973614060362659,1.6649054081483,-0.619417279670102,2.13537597790244,0.722598819988863,1.12638471672062,-2.08698513236918,1.84246480930759,0.074893694203064,-2.39732866204857,12.2191536220229,1.61968636222888,-1.88183491485745,1.13952809534695,-0.51913524619325,1.16593546641813,0.530959926719903,-0.255600162105118,-2.71000548545188,0.421024533755875,0.249067713465233,0.322426995349591,1.23489962686927,-2.98599311719387,2.34115052607554,-1.85370489575314,-3.88200493614392,-1.3175534655647,0.787206733453063,-1.06047082763187
-0.60340410663798,1.24234210566932,-1.15809448459724,-0.768284676707023,0.25250882004134,-0.434663451230786,2.14392870351909,0.0764676350436097,-0.966048811766951,-1.44272060868248,-2.34906293522923,0.523377924931683,-0.837265324389074,-1.06869514956731,-1.29114842363356,2.77741739917386,1.15065666614147,-1.66076409444802,-1.67419641525246,-1.49443378903353,-0.28789607888471,1.00655316204166,-1.23711483315197,-0.830765225537787,-2.41277178513324,-1.26370872883796,-0.510825185991958,-2.68964548702212,0.930248196533617,0.31798895881894,0.931240218786219,2.06911390120952,2.12488138699372,-0.131949895270241,-1.59131005656119,-1.15335114833331,0.332949634740257,0.97536791387461,3.52690408383634,-0.297116423594228,-0.768307898341852,1.28543415392749,-0.366184619003871,1.76510550537888,2.85943548830935,1.53814491828574,-1.87224058117395,1.6506283689124,0.224934516950556,-1.5384139542237,2.16570602557106,6.10018186196238,-1.26050075671091,1.38619678501844,3.26363397957764,0.872738453550894,-1.95374183137696,2.55414253515603,-1.23278109302835,-0.40443112830102,-0.980885961292416,0.483970209958747,0.313378035269305,-1.4126739687542,2.13517136149408,5.3295136587222,1.20503355705817,0.400738959891644,-7.00301808835383,4.27982388061464
-0.575936389693527,-0.0177802838287284,1.90967073260797,-0.47810746703606,-0.529748287440145,-1.19446157667552,-0.299759522835015,2.19806381235236,0.256892619100525,-0.601538105156976,0.194053078531072,0.177844813747107,-0.0666560071847335,-0.972078759632628,2.45455249377053,-0.023388114538046,1.37980323547297,1.25893737753641,-1.43228857622848,-1.10779878356263,-3.2020962755183,1.54047129110765,1.80077060359118,-0.81304842008602,-0.583162105397205,-0.254682351677056,-1.89579139171678,-4.03649521840431,-2.26441380081931,-1.39402480724652,-1.33927851391307,-3.65016550351495,3.69133339839827,0.681751865432221,-2.15050057849978,-1.73677590209224,-1.63928892183204,2.03371976068628,3.23055698867686,4.9732581933259,-1.70655729552537,1.51650982425629,-3.34079040384773,2.45216156301915,2.7096724453895,1.25910917057664,-1.65225357065519,0.737590196954102,0.571659305160358,-2.01151637930627,1.53328069591276,0.32590259090888,-0.194769756963238,2.63568459810098,1.27667855864148,-0.0347384336499873,0.268638845640491,1.0583123015148,0.480839420196224,0.952201535712741,-0.0529255303437545,-4.4344974097491,1.24108201889537,-3.85877461734534,3.08541118566981,2.04095538310364,-0.193004882111615,-0.576878526857667,-5.31052669575278,3.52673421089342
0.503446326045201,-0.760991780085252,0.310994135106398,-2.4624150550421,-0.58955005039723,-0.0934269001756263,-1.66007541458094,-1.23293545331878,-0.109217477464154,-0.820725071282099,0.942377393642759,-0.0852941442853382,-0.00270891912225946,0.636067060426391,1.16236272038101,-1.68862084103179,-1.16485212688492,-0.139229500123458,1.90708925079761,-0.235502471670241,-0.646549403400266,-1.17137631474436,-0.105185564206287,1.02604505863816,1.4689346443852,-0.207103445526358,-0.440348335675343,-0.186384989424562,1.25000298650338,0.244818551207686,0.343039803010741,2.83594569671375,3.73627986828996,-1.86634165707063,0.750811524381386,1.54309046707512,0.375723322540465,1.43714750480525,-0.132358674763013,-1.35163747798122,-1.39805466094718,0.0999673030686105,0.921940147746547,-0.739005241389635,-0.0592246493337399,-1.03356486045876,0.880453673085481,0.124083923065957,-0.43004063463948,1.72300329926238,-1.25147743626105,-1.68014568299871,0.685717776947339,-1.58826312733438,0.234678488833366,0.447325740560513,-1.11828851409304,0.958969229251264,2.09877434179342,-0.994932168616435,0.865639660267112,0.599934384929866,-0.393042189004434,1.52008495254813,3.49985990058795,-1.19557789354739,-0.812060994756366,0.261166039683687,1.21943252956139,-0.71796290335546
0.688268865776966,0.516026606965516,-6.22898368102753,0.731944317542389,-1.14270985984415,1.44275845381133,-0.284913454400237,1.41614632396046,1.25207111481009,-0.439335422519703,-0.199563385942512,-0.792162237642274,0.971800518322839,0.557517213678536,-5.46959186993603,5.8093741893431,2.46354681011583,0.482160215268112,1.06502542789867,-0.0215495794060097,-1.17863397151424,0.202358988595533,-0.159136031526101,-0.28724426036007,-0.698490092617769,0.380525333770988,-1.21636117686892,-1.39399257181563,-3.21963007905728,-1.04447225613587,-1.09272875996028,-0.180419506881833,0.359693015720433,-2.57421931025296,0.355345986572382,-1.0091432768561,1.27876993849285,1.51010806922059,2.18296045106136,0.164502885490152,-0.335544024196665,1.30809918893088,0.646271125680683,0.631202970521836,0.310818545272778,0.852227827465629,-1.01202750516056,0.0779678019598522,1.96012758969494,0.656252418622731,1.64133674427854,0.00753675655781744,-0.155665932240033,0.392870840378334,-0.0625209272541649,2.78590355531331,-0.207928399199117,0.19187317229482,-1.37971278358697,-1.20790518134861,-1.33240014704601,1.06561840180561,-1.01085561893254,0.38845466416534,1.25786749448498,0.512621859638243,-2.67018684731596,0.827000435394246,1.01014991890795,0.198918798279094
0.38234687687274,0.922821634056245,-0.110488128622904,1.00670399882679,-1.39422300283438,0.1665479807412,1.90539899562755,1.0397462915742,0.469096641067919,1.51582898024223,-0.248310703911913,0.224563886129202,-0.4352645851561,1.23594870442407,0.159713704774343,-0.0702349458893487,-0.944036020580443,-1.22568777698721,-1.76156192278777,0.54436000435126,0.4009000872424,-0.561476233606002,1.37184410152811,0.291257457621112,-1.41060328404484,0.839945104232423,-1.38921161261883,-0.682136898762977,-1.47716422282767,3.78421830377155,0.536594510724581,-0.885822381099169,-0.482524255123027,2.72497955917964,-0.254853107118808,1.74153413032769,0.39229974585628,0.206291167061878,-2.94344173687325,0.415969993216719,-0.311659257432544,0.434737122156471,-1.1986032939083,0.512211808784038,0.0921426106148311,0.156782197364595,0.879573165069877,-0.261434899990274,-0.385903831577694,-1.76724425312158,0.728541429390724,-1.34193679788887,-0.0444363939720022,0.222341063100298,0.322373261083354,0.822027461132446,-1.30809001590699,0.837645617255534,0.311631303668304,2.26362570455354,0.683007957336277,-2.93599915071874,3.05718151742969,-1.21637415284831,1.33711160697042,1.214035672858,3.66033146048481,1.55954248991817,-0.147313917408649,1.8430948195561
1.00448885081661,-0.388801618419335,-0.150653079590214,0.452015036215227,-1.25217534529575,1.29565594125736,0.61684689274244,0.847910750783938,0.344434429970285,0.609182248651645,1.14695467463844,-0.632498888905829,0.237103115004725,1.5889476323302,1.71005937116444,-0.666946181021365,0.239106529391171,0.63570053251194,0.267881020757687,0.694781088364383,0.058124565854829,1.10372894022463,-0.154498455490354,1.82389561938869,0.588474300049584,0.86935400707919,-1.30724613996855,1.27578440373709,-0.360877035126152,1.0135528298961,0.625335545458838,0.358529189693407,-0.553239241438493,-0.404904541415744,-0.65443367716999,0.717934047704328,-1.08160061687564,-2.50955310376587,0.483440916717374,0.115927534383354,-0.502634425139216,3.01224680024384,-1.12976392754073,3.74952267916338,3.25027890776528,2.66789353112987,-3.08688039550359,3.73653636637136,2.93993215752486,-2.10802011995268,2.22559927466371,3.30126578077895,-2.98378561138235,1.82958755678955,0.523360054419765,1.00522826644624,-0.303092882863597,0.246162483888874,-4.5064585417078,3.53915618521575,3.1192687510468,-3.580455102015,2.50070171711261,-1.01811607775629,0.398076939161382,3.30503647207037,-2.8076271341998,-0.154462766527729,-5.79770365004778,3.19101104247357
0.0569618722877409,0.0280873006962241,1.21499524934949,-1.59481941483662,-0.0474808384434857,-0.722578943925868,-0.144754152480429,4.01113004943317,-2.15270543834118,-1.37580311005327,0.891944830374157,-0.515280378070473,0.0157355141790347,0.063046652291789,0.436864593638668,-0.546145013361266,0.191640472484913,1.6082787833752,-0.235482779543232,-5.11918118421411,0.469857819418473,0.767290574965132,4.72001071562661,-3.84923406487096,-5.17865841430359,-3.55355444750816,-1.28197761689995,-3.59774862030503,2.30661137769874,-0.572870854518808,1.83719075036912,0.511079138930141,0.937143748882895,1.6390942421058,-1.55906719465011,-0.14382446290207,-1.64977133249656,3.40612178894933,0.350856463404643,5.73024783690697,-3.90870070282978,-0.042846875633039,-3.5307701934389,1.09377565349173,5.15094236427868,0.342009925274123,-1.25391857546123,0.238184590599865,0.439707595577111,-1.79742847382433,2.34941217522402,0.131797844490932,-0.848649974369274,2.0899518790115,3.69565699481212,2.40237860095315,-1.12636753684963,3.13045648599923,2.82748215704311,0.606766124965856,0.155370267893145,0.999232835157336,0.73540076288651,-2.84092729421103,-2.83845854811355,-3.83946372036496,6.8155573161831,-1.08960469850304,-0.16013430864896,-1.22877051267195
1.17933973463182,-0.85091023762899,-0.293842177803608,-0.347685447883935,-1.27577977514981,-1.49873529599545,0.643588347067302,1.08369361708191,0.177565448848892,-2.79436274130109,0.24655489897862,-1.77502035548107,0.709134182987887,0.407419473419369,0.349662514735477,-2.0672901300737,-0.634374017737489,-2.07825620399858,-1.62594489987211,-1.22985455481399,2.26397642123176,1.61173336530816,1.08642010755154,0.369356802386135,-2.83828809587271,0.408736746961312,-4.81106595138588,2.20809966001292,2.70575274998984,1.28918878519479,1.17325194253574,2.13135628839604,-1.77547286099484,0.71893936620328,0.555235773395492,0.835069690393936,-2.13650200475443,-0.937216308977084,-1.03822904484225,2.71978558419355,-3.48126269313308,-0.803363797477566,-2.80317357302472,1.41032420956342,2.04829249762988,1.0390639199382,0.101839447091936,0.803849002544763,2.11422730797604,-1.02107636007929,2.04662923619591,2.40558119749796,-0.248008362700371,1.30809110242664,2.72361308265832,1.65782580593522,-0.312772895094133,2.23568203694321,-1.01030181332835,1.3218915201306,-0.0855250849454412,1.52952040221973,1.74409053783639,1.84444228611948,-1.67651289556375,1.04592097927237,6.7943835116582,1.25197694623077,-2.96737399878129,4.29207323614877
-1.26673539450308,0.629923519169967,-1.08376847090853,-0.195517368882019,-1.38118059808469,1.18387378206686,-0.839852786514633,-1.05257035721218,-0.361795013223102,-0.547685990507494,-1.42217667363315,-0.101514464367367,-1.04687354108549,-0.69307995342888,-3.70745898240646,1.8182862163478,2.09427475290416,2.0403635457936,1.8704031768626,1.74898007113254,1.81509207268103,0.939510717273479,0.236946914783253,1.95764572858002,1.40538498626864,0.911648940755995,0.295260556284339,1.54008274919605,2.77419345684022,1.46834101721106,2.02286581854006,1.53789025495653,-1.26185222756967,1.71879518350218,-0.616552874585953,-2.90272839094092,-1.61230137120518,-4.12219113412947,-3.10008451833969,0.902476172364648,-2.07326489966358,-2.05221984671762,-1.42630523444842,-1.95137108438116,-3.54551441160021,-2.17578464523586,1.08425255773087,-2.39151946012181,0.173496806181867,1.96856341562786,-0.0425998898896978,-3.39269990653015,1.30914997853351,-0.308278656914563,-2.89460572878528,-1.59726485064121,2.37171670559581,-1.69737569387792,-0.532367727586524,1.96227599414213,0.231790217634962,-0.864536678656076,1.74134631313121,2.43578315394612,-4.08586084245729,-5.21802657184868,-0.919501704094775,-4.70970014323132,9.77686837044851,-5.80927515748402
-0.0325315141338653,0.876513370683399,-0.00911603489249735,0.926598489555343,-0.414567291021963,-1.43338328576008,-0.109097252276144,0.971497643009322,-1.04528433910485,-0.994926437653804,-1.86261125546029,0.0701014911830791,0.612419735866282,0.43220046495938,-1.07951245285738,1.2402367643071,-6.97145791387237,-0.0819382078050531,-0.29505912279045,-0.0311856706918012,1.08536870469705,-1.97971439627439,2.33548996537929,-0.301597613446646,-1.38005880118893,-0.78764963826732,1.03936134513102,1.22595991978898,1.56260075234647,1.31487768723928,0.408650667859576,0.258600583140838,-0.927804848780381,-0.675551591342655,0.319624612890423,0.335979137260836,1.78303699251032,0.921254096848658,-4.11829711860505,0.543134769452018,-0.902796058931728,-1.86222175109428,0.31391561795513,-3.59715738062687,-2.57898875263215,-3.08777122845864,2.79246575736478,-3.67940749042342,-1.8058808551192,2.44244370431109,-0.72610001473322,-1.18985502298505,2.19254813114665,-2.59287412389991,-0.924120461728661,-1.09795311402515,2.05551369990822,-0.712711083918458,1.83458329635615,-2.58412676110727,-1.8317323327976,2.0761134635044,-1.87635356308089,1.48060875798723,-0.080120287340602,-3.98786719465644,2.87853145528247,0.423912615614322,6.68674750702785,-3.78518520426809
-0.424735129748444,-0.496082974045711,-1.77405057373843,-0.268558008572893,2.34325454853668,-0.175159707892493,2.40744588943973,-0.959156247241722,0.0178228567620984,1.42443497916757,-0.48742261968813,0.265876005478047,-0.129434372247596,0.505785782123897,-0.435250605696232,0.72492937772792,-1.91079427715271,-0.948633028441297,-1.78152999484127,-0.691447819541567,0.401935067031406,-0.406691519344252,-2.22457113063345,-0.525358698957384,-1.70499630261045,-0.580583851476825,-1.11038784729121,1.34546903169531,0.516658238572412,2.04476595275002,0.62469229032943,0.123772094437079,0.0318991166448664,0.973228564068538,-0.992109811858154,-0.66533946206668,-0.212627683656483,0.444813274564452,-0.513792408908915,-2.63463603149114,1.17664321823761,-1.33283438705403,2.07587763379557,-1.39587866048334,-0.48748999457861,-1.3319407160281,0.336106563398149,-1.48855284008322,-1.13103111227335,1.77432181969568,-0.961241173047471,-0.733450403374645,2.31613676884316,-1.93834465159255,-0.951702869854611,0.81568495253804,0.589843137094551,-0.67883075609332,0.988117999347464,-2.52024874322465,-0.600137819844456,2.34768843958433,-1.0505690708542,4.69628785399843,-0.838879618412037,1.35622839372551,0.233454368261816,-0.51201889734243,-0.692876761953471,0.757341783689853
-0.621645712433845,-0.313036291082531,-0.336270746037261,-1.28471311743971,-0.221373477179271,0.43080419431184,1.2225600821354,1.16981948605609,0.405873046803209,-0.069095499700132,0.201902581085554,0.143034458703859,-1.32276236456064,-0.463539568469254,-2.3312436931879,0.966581256911751,0.796725824734709,-0.395265332469163,-0.0734493420500145,-0.565868037029823,0.867304694343345,0.275367615606607,2.52603105418486,0.175132049543888,0.228029240338039,-0.00213265593708978,4.86935759103109,-0.0826860056980198,1.32200037486077,-0.52020539616776,0.390878913672256,0.356890692642695,-1.03797534475352,0.853968236537371,0.569328491702443,1.36240943714488,-0.63881681286556,-1.56241808753734,-3.42668085944201,0.599152803426126,0.00133245308763502,0.0962006350494821,-2.51445728311554,0.553475010518959,0.905102223765063,-0.0842572516479522,-0.459692262351905,0.191720392222207,0.108530051959174,0.021176214032871,-1.41815320701305,2.74895609956769,-0.532688476942604,0.0781174502298618,0.122926371057362,-0.512456886848039,0.368562602895767,-0.412792546800505,2.07970168424593,2.14360302833585,0.709561528821421,-2.18970495032485,1.82061179941317,0.390515259757679,-0.952743090375856,-0.988360353368324,3.3027257021135,-0.872911804009359,0.0688903287099368,-0.770027082292834
-1.12808202430224,1.30093549619336,0.581426146991701,-0.236761023717545,-0.233739972182137,1.36582328995063,-0.694038654415572,0.962439358382306,-0.243480330039126,0.196615432507697,-0.79472388144849,0.422322757534132,-0.944631527251175,-0.290293614811841,-0.0307783515676786,0.872833704918986,-1.96334569183167,1.70915388661568,1.35375634681329,-2.82781885885839,-1.69380158012683,-3.23500273253476,1.58353171966599,-3.17986349054833,-3.83000790643008,-0.606447140335522,-1.29898949310272,-4.79171010921568,0.029553683887142,-0.984016896604189,-1.22858399834212,-0.00871984471976806,1.5439746283002,-0.694701685671018,0.163545947254413,-0.365984633541743,3.29576426954244,5.63699131117964,0.669456073296912,1.78752520245952,1.13442251909847,0.540196405861928,2.86128328987905,-2.25010781309201,0.353671805659007,-1.30160283263161,2.24232618616014,-1.95809131503387,-2.7402527176567,1.80714988494554,-1.47493259802546,-2.71823388730667,1.34610495318503,-2.89506556459775,2.11060949165956,3.02635686193904,-1.22176915841963,1.11177723094276,4.69878481370633,-2.47630913422211,-0.968526722031836,2.20703345296856,-2.72886860371894,-1.70084525310722,-0.42040593398219,-3.80726272768264,-1.61227199043012,-0.242123156221233,2.45572456547834,-2.67592371834989
-0.249672100100775,-0.655558738393672,-0.0186531009625723,0.549025861456902,0.296595378896997,-2.67589415362813,0.710878671948904,0.757063580800157,-1.08850231080967,1.35650304923037,-0.0139632604799738,0.426188811716966,0.0623200045759225,1.22968003187232,0.954000166490502,-3.03575303695139,1.73133337737015,-0.923776481861479,-3.18319597646853,-2.13474680451578,1.76450469612745,2.32197797791503,1.38220499335739,-1.74895237368385,-1.03455726546567,-2.28282975187838,-2.89815353136331,-0.945654843405781,2.35259562624914,0.401826455746957,1.07358977842723,4.1166969267395,-2.63893380305335,3.42891361755641,-1.81359337118398,-0.705334965268664,-2.62153818185633,-0.477968699852325,0.0241135207019747,5.36912146040328,-2.43004128425713,-0.95319087109198,-2.5222570297122,1.8188718610646,3.51418231557367,1.82317701743028,-1.57748868659575,1.01813914963423,2.49378164455349,-2.10417856468469,3.02646932236664,2.24102086129205,0.0562375720287107,1.46406517111941,2.74788325610737,1.40829767833383,-1.87793235249494,2.05009421204155,2.58479504203314,0.485062817970087,-2.35474965625377,-0.821826482687755,-0.536020990723062,-1.30213743219307,-2.02029756190833,2.66949065789334,6.89904242333464,-1.63714814407731,-2.17977884884233,3.12584567770737
-0.65597050605115,1.02165378287127,-0.0639341230734565,1.12398177132176,1.66801829755635,1.28498113195264,-0.0968633279633763,1.20676153091605,-0.0854663672890871,-0.68074277690409,0.400578108070211,0.641080570291533,0.31177761149061,-0.508670894438642,-0.7938575673789,1.21895101103207,-2.10077682403346,-0.86706899052877,1.07541037628033,-1.54213845455088,0.174736569592218,-1.59788121443313,0.771168153238028,-0.957016029080132,-2.5215629791503,-1.37997794459148,0.909114459919324,-2.2019462465049,-0.947993797689905,-0.514188916316917,-2.0505322197042,0.504095078050443,-1.25246118983592,-3.08676789545798,1.67929093389124,0.997223238665768,0.166903821034361,2.46253432675189,-1.51545191543686,-2.46336687275965,1.60313066102386,-0.00634592322098815,0.765562224992307,-0.584015364207696,1.5087651228239,-0.804779468590499,0.0557120439559377,0.321454421819572,0.467621193230219,1.25204131501983,-2.44104368826546,-0.166828338893404,1.340408319137,-0.945055648080267,1.14143213896731,0.774640797161115,3.11610525482533,0.910253425005723,1.44250992547329,-0.388160704346156,-0.271417021169923,-0.736703795075613,0.451286498209859,1.40822505796428,2.73674618484871,-1.20213969212693,-0.0752334732057383,1.01008557330019,-0.406327520844472,-1.45949377658025
0.0208174114748939,-0.868369402527846,1.39680387684718,0.563647723191156,0.983432220395197,0.0542561932649495,-0.0809461986559774,-1.08427684255873,-0.000170821764182179,0.177547211894824,0.679794902507648,0.933797831579464,-0.319851810915904,0.747906758694587,2.30889952273793,-1.95302109840811,-2.63054280618451,0.518326418985004,0.665389077327576,1.14463511020404,0.899970940467537,-3.78905603323197,-0.731343848043643,1.65112054146171,0.321246877165897,0.411484906415542,-0.465779919275314,2.63189435940608,1.13075812629454,0.84367329345346,0.143293362305606,-1.01923993178955,-0.656653732767698,-0.692205017221634,0.877085435419123,0.640082320654388,3.50583186526075,0.161127488225165,-4.26088690649568,-2.56647054450642,0.0549814547513392,0.476025343326947,2.90231831882788,-1.91376819267576,-2.9330955318335,-1.47968021614198,1.78044653099074,-1.76597485534125,-1.40909492101091,2.19065999097237,-2.61820293744809,-1.79783900671932,1.707410309906,-1.52952946021792,-1.89250563375875,-2.11233477517406,1.8959853270089,-0.745463671416873,0.330020008313913,-1.0846699333052,-0.346808645718512,-0.856051205412512,-0.634092755981678,-0.68328184991649,1.05169894355384,-2.31676410380858,-4.53578735666422,0.695562114201526,5.03468845766117,-3.52923788671951
-0.391619454032302,0.66046975940076,0.588926785702011,-1.05108809938144,0.751413398625221,-1.05094079076771,-0.466925067891274,-0.802187921677814,-1.15028687025238,0.154865932218806,-0.968486732408074,-0.175918603939413,0.532925121037883,0.190367332773793,0.444598897931687,-0.646708556816163,-3.11707625245105,1.2031335481315,0.429520785394672,-1.75263518854797,-1.42492526873678,0.0363547666747099,4.10740663771155,-0.189693582054241,0.145461207152568,-0.537348110170996,-0.588101281568646,-0.814395713398976,-2.0114029899934,-2.86364070816715,-0.176837153411769,0.327870687004488,1.63336170295131,0.796969930463754,-0.600682005164356,-1.68019928276861,0.108083366976898,3.55236644887151,-0.308761051346316,2.92677732295799,-0.678859919992185,0.569477452962845,-3.05052182514342,0.0949348211876255,1.73315847914101,0.854023703751709,-0.253272653704962,0.650435082287338,-1.41036450144859,0.278646167922854,2.62755701799184,-0.750228728279762,-1.6070870252135,-0.228841205983299,1.15527821131701,0.150455254923437,-1.49523756470407,0.593405664734411,0.691649305149189,-0.233689059257294,0.425072200358983,0.503306746616787,0.156987517905833,-3.25446770204408,0.0252729513433979,-2.55293183375331,1.4453934013616,0.687887479936798,-0.225251653792496,0.491678354589674
0.159992365485533,-0.264002215963841,-0.439597776234335,-0.347288436736312,0.00498764686973269,-0.612174125028863,-0.970964714893689,-0.2623632744578,-0.541591754062648,1.17178707547757,-0.735862108254708,-0.118813143582128,-0.831951705272628,-2.14954895428059,-0.708683530771605,1.54174037026448,-0.305889316915857,2.97769887031152,-0.797708271004317,-0.532325810780924,0.854991431200757,0.665957520640752,0.165317844926773,1.36328107717202,-1.30422479879326,0.118574851653602,0.605118920319266,0.950573568956135,1.68214499037475,0.994063158011759,1.15434141330949,-0.64302688365556,-1.73064407131734,2.83445054529963,-2.70050951436256,-1.84553277426347,0.994546560675149,-1.0695152297942,1.61781030044367,3.6987222440564,-1.41459307491197,-0.249791179765162,-1.19013240136884,-0.375818706887746,-0.199120022043809,0.24033662029168,0.271427210378331,-0.0707820975627206,-0.510926010988911,-0.205598400982363,-1.43313891619437,1.77017650370425,1.33464414772062,-0.948779807824297,0.200380886977492,-0.649911183835095,-0.0927948541117388,0.666049111370283,0.332922216173687,-1.16523284293818,-0.692898343314356,0.675549587386477,-0.41844006473188,-0.971281093390396,-5.17268349395439,-1.7411900657499,1.26382707523403,-4.14363133699286,1.54639011169943,-0.613460211207481
0.011870541721322,1.09231804894129,1.37822775727318,0.39040896838483,-2.50491437749389,0.38409384844267,0.749922152875813,-0.197323063021315,-0.136023297394608,0.951763359195833,-0.878082855224498,-0.204769499707817,0.773646101622219,-0.304364006275701,-0.38075961486371,-0.426213924561077,0.356335260175188,-1.10785736143721,-0.360826673030823,1.27740811714578,1.21490707920596,-0.205109572139223,0.111863588954286,1.61144956158429,0.697206573689086,0.174469116551784,0.659527595869768,1.62039019855567,0.245111021750607,-0.200287642168774,0.475115379395811,0.468853494565665,-1.24695344026547,1.74731697379257,-0.0808386543449074,-0.67626389642977,-0.949173985715638,-1.76531003608353,-0.731714219987472,-1.10419486167779,-0.348521896969533,-0.653664439876826,-0.0697797869910961,-1.25783898170622,-2.53074861125407,-0.480678362184028,1.51550266169503,-3.00571701288359,-1.65240759804071,0.976685449491856,-1.14159333446675,-7.92330949629731,1.27259720280677,-1.74823503551628,-1.25706444614849,-1.49901073682573,0.761785318619078,-1.55313617333271,-1.41941212524359,0.51328907690657,-0.530590292138759,-1.60013565310193,0.663696768349827,2.66336401579202,-1.46194021209553,0.796161278303997,0.310469081111263,1.61090630704423,1.68303703280025,-0.516191420576974
-0.82623616717492,0.766439779810117,-0.557539152056701,-0.00066154328051695,3.56366056106237,3.24547158359689,-0.360802820887643,-0.625472385016997,0.637751585222429,-0.26029594534294,-0.295843290956703,0.380949163722454,-0.202710563470814,0.271553633497305,-0.340348721018861,0.628118465817299,-1.43202730516811,-0.755537463150575,1.76982116298226,0.0446276623840347,-0.0193175017362373,-1.5602602721741,-0.949546846869506,0.621927639898512,-0.481045047797707,-0.192300064648003,-0.52642543052998,0.89405536643663,1.58894711143117,1.6197241119999,-1.08917026057677,-0.178400388752795,0.803715293021183,-2.96263360056272,2.54985606363205,3.02504675068062,1.77344549360866,0.495624602533846,1.62075574492082,-3.03085010542384,1.58008948741478,-0.695295084660251,1.97515160549498,-1.28259124041995,-2.09534009179296,-0.841584258416188,0.487461558678292,-0.387471303092293,-1.59115646537185,4.51397900111623,-5.82713396189809,-1.86966429103583,0.0670424660091592,-0.275839152314143,-0.420702680444929,-1.11823480944965,1.11295353844748,0.46822526908962,-0.539195467285951,-1.77564161349886,-0.525709993616308,0.413426977900432,-1.78515058069433,-0.263988685035576,3.66904382239625,-2.50334589514796,-2.36765423524298,-0.595774070966144,3.72337811820076,-1.07752868390936
-0.0793550101347519,1.21963247118493,-0.375304691908666,0.334106492410729,-0.266285221616266,0.38739177265833,-0.55104098194331,0.222952110194434,0.122901668086157,0.715621620743206,0.112112196469415,-0.206507700886065,-0.558994600679494,-0.226656001665242,-0.604946850188411,1.83877785517197,-0.498925702275077,0.845030447177332,0.418381077211399,-1.17294507978387,-3.18670230404671,-1.39307151335099,0.533889893406074,0.251014921240829,-0.723364639754589,-1.09042530555601,-5.58526605516645,-3.60412474395488,-3.17745702899755,-2.37082937044117,-2.77160631417272,-0.282210108443671,0.817701592363786,-2.74228756699432,-0.550006694985464,-0.318263620873863,1.16222244649481,3.6466301381017,1.6463340176603,-0.0276690314173475,0.669736905541574,1.97399504306167,1.1275777773207,-0.0865137126242299,1.12646034665174,-1.15535409990998,-0.436430729388157,1.23560780174265,-1.04819160106112,0.163554313667952,-0.361839290689932,-1.99124092721344,-0.177777151080628,-0.203953703931702,0.573579138203561,1.00565281851796,-0.23465754542583,1.18842835105511,0.409725485454745,-2.29155384549143,-1.6158887104174,2.75805038501482,-2.60206377752983,-2.71888439643155,3.92868534107112,4.33591575958962,-1.34495783988949,4.21984798480249,-4.40512921212613,0.010319930088833
-0.00359500884544061,0.0525174550008424,1.0068437672356,0.214632578277309,-0.359193503435418,-2.21289494357934,1.41797625394091,0.652773555092211,0.396384855565524,-0.26145563323749,0.202065400404171,-0.607667830949563,-0.4592423606516,-0.463306908444017,0.226404108000592,0.262932390889185,0.443330917715035,-0.817559147795947,-2.94909061973054,0.721694286937146,0.693200616535229,2.55718182096289,0.515287327837614,-0.749105646411556,1.56672868012535,1.09594190711698,-0.501846210617096,1.3547306471872,-0.694607038877844,-1.16488398004447,0.67208448578356,-0.729988923515125,-1.59569574558894,2.60093506754059,-2.8017398854174,-0.723369729030772,-0.443136075229235,-1.74237734217848,0.510872540321846,3.58633902253469,-1.72313717084967,-0.418004764811542,-2.36712885446896,1.21836233534713,1.3716843746175,0.685601733334521,-0.506641812456898,2.33677273973579,-0.0926428966633319,-1.52717147263835,0.392127019775117,0.545169635948321,-1.80375009631643,1.15247851982538,0.198417979177236,0.323030052957314,1.07225941857475,1.07453646801921,-1.79625551607824,3.38086602202872,1.59723291305327,-2.16834888578681,1.23977205534272,-0.578145940640705,-0.921237604116468,3.2153768210604,4.19120696700446,-1.91662801174231,-3.67083685732141,4.54401571512941
0.260741632855522,0.678587974953019,0.234092591538686,1.02714475647401,-0.731787290828107,-0.0246841365060316,-0.404806850464024,-1.4468584697245,-2.62182160374728,0.478483042544085,0.697374602964946,0.763742356574747,0.175935262384611,0.195355552445228,-0.769415755324334,0.668515172264437,1.30886115787721,0.538289111054667,-0.489271826563444,-1.40685901957365,2.05264216142094,1.36649468798717,0.743147008046223,-1.9021572579048,-1.61789878828177,-0.700799116911078,-1.34024348777412,0.428778389724363,0.297853112795135,0.854588663415351,0.605855701458371,0.884520245392766,-2.68423387124665,2.83025721276721,-0.104009142827138,1.18259180318799,-0.809809736660361,-2.14133352235565,1.09122006194295,2.05661654227464,-0.134836062896844,-1.6533008869494,-1.753783711563,0.476687742534939,1.78351490162713,-0.0421113356164697,-1.0450817276813,1.40153122328923,-1.46908708568954,-0.114313892292466,0.824720160474821,2.3911849568758,-0.296861796140046,0.276139130742382,0.660980722521794,0.350007760657563,-0.656513750522768,0.381736984729783,2.17656858397698,0.246231656877401,0.687673185062751,0.556339616202632,-0.358380026834292,1.57372114683087,-2.28459136771061,-1.57011785268638,4.18067512424824,-2.63677211602989,-0.0447522365139071,0.802502019754419
0.915361463673529,0.995337187904395,-1.89934201905341,-0.960780048597007,-0.445212151176418,-1.86198794107727,-0.62105375330084,1.40032230938291,0.3236751865456,1.20518771860096,0.585884090140299,-0.654038788336849,1.02614977182243,1.51409244357952,-2.05700141458962,2.27891416546278,0.358899502349507,-0.854045717114934,0.281015464633811,-0.019603542721601,0.284347911905452,1.7791208379183,1.52223634419328,0.24263455879596,-0.0123615710169736,-0.198415225282133,0.608426216410612,0.276911792790668,0.911828542697305,0.279486964412966,-0.69465253222943,2.14777280284508,-1.482148303735,0.84774077149459,0.823818202159506,-0.730229643726277,0.00138160287867617,-1.95654411320208,2.25020379336158,1.24480013959779,-2.29670907387705,0.826013404021487,-1.85847935520725,0.966908699807913,1.71832575919288,0.440818974744511,-1.47449506602749,0.400088633000515,2.35993407732353,-0.111671424701808,-0.562192670882329,0.73228005483644,-0.884965618903583,1.87205574661489,-0.450382793170704,-1.85205636926971,1.50281113815057,-0.830581392797419,-0.154847210256071,0.636114824982556,0.35483326554658,-2.32858409430317,0.493033132784636,1.15202514383004,-0.796874122535601,-0.710254328301335,2.15519223227903,-0.514390989073829,-0.569914959963274,1.82755348509535
-1.25075531406449,-0.321290779235799,0.198576406024892,0.0783309761538038,-0.206350062879478,-1.89314316081841,0.686050766702029,-1.09246730856769,-0.532351671367016,-0.451323576747802,-0.72296627910633,1.83645356059519,0.10332400798862,-1.88712857758271,-2.07756969125865,0.567120619655542,-0.984287930238086,0.457950684121468,-0.972542845421156,-1.18154864630936,0.100998389404821,0.321923510678541,-0.413091364925943,-2.10365816221005,-1.14140830049675,-1.46669396485806,-0.391209396639237,-1.22385640854561,1.36515679778319,2.32165478983667,-0.43642465970397,0.329623248478708,0.0130163368756955,2.59834434571932,-3.39959565442418,-2.40492046184332,-0.295256981321816,1.10276945631168,1.58155929276859,0.995145630797413,-1.64045196722384,-0.694197603735396,-0.00852162830053501,-0.0618845074623393,0.910096836377133,-0.0286646279227078,0.353803226381233,-0.0381237856947187,1.13270946227254,1.09416848334196,-1.60060626225989,1.43496912119664,-0.836004197961425,-0.695206988632871,-0.033647664869873,0.191055942140759,-0.115703107855038,-0.294580288017778,1.02408725316092,0.144195958531932,0.274137010623497,0.161278895341695,1.26209061140977,1.58620214326549,-1.62289004383487,1.03474273081427,0.710539460593676,-0.245056764711949,-2.97745634836041,2.45024727876092
0.313255483558284,0.701688860423236,1.15877411712344,-0.272874156762851,-5.17099677758427,-1.54280072387445,-0.34713198335575,0.596222368124385,0.183892784017649,0.480834897990198,1.3140821624648,-0.230465901030662,0.170053829803484,-0.754658733007032,0.36786944976516,0.109884831623289,4.31345150621369,0.179006340233218,-0.912572993140036,-1.35035181714142,-1.66381121210948,2.86250637283686,0.412824072026481,-1.5764815046347,-1.08564199560929,-0.803959774881993,-0.490485699155071,-0.868991009094886,-2.02474491061707,-1.78387525122551,-1.83099682674401,0.47204759370503,0.676110953288326,-0.218958509473544,-0.519744073990455,-0.655098524019963,-5.01876038809005,0.898419791787344,4.61269858723757,2.98006779778035,-1.69364849048942,0.138253015150127,-1.89336278039787,1.84248318738129,2.83467845205675,1.58416968744658,-0.953194493255807,0.918301422854981,0.667170484582901,-1.47414654327071,2.40524012567305,1.30535932491269,-1.70206048874521,0.856643652151297,3.74565267341788,0.309765339585115,-1.4113129594831,2.99649485098762,-0.806102297417061,-0.261135592641826,-1.73562183345327,-0.463665754594342,-0.294135599030796,-0.635444158716709,0.394064324045754,0.833992604346125,3.26469975594667,-0.160699342823983,-2.03664046886027,0.762891949228504
-0.973951297644755,0.362250245747739,-0.589934690158005,0.445128437315686,4.59790068793029,-0.797573125478974,0.424866348320214,-0.823940564257088,0.0481033061151662,-1.51242553522873,-2.24960871787157,1.2710884770068,-0.172984351687519,-0.77990227000803,-1.42316456975196,1.52356001716341,-3.37702011440379,1.2150369574645,-0.817927069785539,2.06840004747113,-0.612480089441794,-1.37099605074124,0.656032925587925,3.62701171184535,2.36114280442346,0.211041324324783,-0.221901699164397,-0.799967000976179,0.268564827923161,0.83808645891078,-0.499501832372576,-0.434755974462631,0.500945486088058,1.28641418495249,-1.58887880413325,-1.38269942073793,-1.08837771517862,-0.84355342895659,-1.70011160345244,0.452272932535584,1.17035436066347,1.11139775286754,-0.106523035700982,-0.691309273816028,-2.34651482825637,-1.17514871884442,-0.110838443811153,-1.58760883706034,0.98617246067889,0.0579091652365551,-0.295200364626252,-0.264527018451328,0.712005239588948,-0.823481151315537,-2.24367750879348,-0.557061612786095,3.12831427408403,-1.16405456732776,-2.37435866512255,0.50925332731489,1.30039130725691,1.32190811508977,-0.555307865448341,-3.10701397060162,-1.86638936648956,-2.42027070271039,-0.633376183977083,-0.567080996207706,3.08537190596285,-0.77505458463329
0.729994155999594,1.2271724450183,-0.527620488251552,-0.594864508778655,0.944191483813445,0.305819638988943,0.488954676562517,1.48789778774867,0.242993835331779,0.414144568405662,0.526026285791588,0.596328541491047,-0.102689497414189,1.16845452428579,0.132467377163699,1.15739077215228,-1.02643013810346,-1.74836758547265,-1.71712464070961,-0.720139348301533,-1.28921998984586,-0.82267196428796,2.26368465386891,-0.727217910025546,-0.823280944235345,-0.532283380789889,0.116032974252079,-2.07453510577153,-0.0649551582140332,0.960016605209072,-0.788768403772291,1.05260876716032,1.42207338453338,-0.358326777312622,-0.525491498572999,0.329630999281416,0.73718342121421,1.69463194068636,-0.247470344064105,0.272078685122806,-0.0596073897220795,-0.442174472434935,-0.699499198092323,-0.451800868145992,1.0141587695552,-1.71112849699185,0.456916614729897,0.1520628015106,-3.33114874645112,0.92454115705892,-1.36631232298444,-0.706722956239426,0.370134649938175,-0.677418263100806,-0.388300597032709,-1.36699524062572,0.186294631024872,0.830419452920896,1.42037328742275,-1.69286943988683,-0.818970936382562,1.64435252144771,-1.16261720424961,-3.10688116031947,0.867056165252169,5.73011145810037,3.06761204964035,3.67678237746791,-3.86339389550388,1.40068820711663
0.447610046379976,0.267676224948695,0.210322252226027,-0.760678221161864,0.177046290217773,-0.243604648927572,-1.23527208308877,0.0987567944205666,-1.03822726358742,-1.00886351640294,-0.276387795421935,-0.828866126535945,0.654699726038834,-0.512852771111948,-0.247606789133606,0.682728403628533,0.188466485129464,0.485199751935377,0.167094953739485,-1.90117472774331,0.592654620393491,0.116495549531471,0.383640860280539,-1.51638358103579,-2.12414159839753,-0.625758089182309,-0.873029215192432,-1.13300728426663,1.46658063018812,1.09859166672092,0.667671078550554,2.72730604347402,0.0535111884595728,2.27227253100603,0.593441698519835,-0.182329736769983,0.544011845142634,1.18821432124768,0.3284768971417,-0.201984030183825,0.656077397990978,-0.639089553798836,-0.319387383976079,0.0177766748037284,1.2229350095095,-0.421942224849797,-0.667007352502539,1.70835341499568,0.419415691353888,0.534666371197152,-0.736545989911868,0.756181682024779,-0.396649000578863,-1.0226836238891,1.65696476648179,1.44977713695805,-0.771184113420079,0.302882525569588,1.13774264873341,-0.938722467656497,-1.49787787303206,0.106897940717323,-1.12533880810805,-0.243112443601784,-0.853381018374495,-0.79616606828672,0.94310719507364,-0.120000572652756,0.412280555828637,-0.542759927837315
0.217642418729665,-0.537077663873132,1.42791290764155,1.46841396640643,-1.07785639078332,-0.200099339839963,-0.400494651644316,-2.84883256247972,1.50723640314861,0.0336131383429636,0.263711242014988,-0.763638494244467,-0.584910000362755,0.961287438168917,1.84742320153779,-2.33932951181303,1.66443036169112,0.314015855387016,1.30554085411517,2.83945038800319,-0.259807842502079,1.07787359840829,-5.65284180585369,2.3864279230462,0.947302482336716,1.16389517620006,1.36358060065697,2.4985452875758,-1.52491602322015,-0.341636836554605,-2.02994440898282,-3.93772415592405,-2.00649551378737,-0.388964459384252,1.20651689204383,2.07382187689414,3.22944618629948,-1.32092775116815,3.65779520108812,-5.35752432297455,4.18187430143656,0.713478622109854,1.73319515890414,0.781341428289721,-1.6836459724435,0.620658792625693,0.100815722132419,-1.20900263846102,-0.323845779612117,-1.43839021997019,1.63364587727171,1.55601280386671,0.518577826015234,0.780390315182662,-1.57978342227639,-0.164156510881821,1.15067606238772,-1.2677683100272,-2.17344855368216,-0.648151130303583,-0.0872092602967223,-0.231471542011006,-0.709876466480052,1.17817405989645,-0.0244764714248981,1.21979455941138,-6.79479401954244,-1.12064966060215,-0.767633961310072,-0.44206235965477
-0.00821038286991377,-1.49218493381541,0.339507635393752,1.14344546817014,-1.42417731620859,0.265658190616119,0.463669698428479,1.19010988847424,0.643272030419437,-0.266036136684107,-0.099934068421985,0.272562233331498,-0.569294212357974,0.63288192199671,2.17308378315929,-2.47774272260375,1.19209355765274,1.02460024586225,-0.273638644331575,-2.44585735099823,1.06726645202215,-0.324917611891881,0.521837854905935,-2.50120529124384,-2.66494930800995,-3.18135796723293,1.28438394443835,-3.20567061497216,0.0723869282975045,1.99896302204733,0.775954493405455,0.190588723145499,-2.39347057274637,0.832136873965109,-1.98109803076731,-0.281141267105161,-1.05856286004983,-0.0827765254269505,0.424404419580064,2.11738896662236,-0.798194295569308,-0.786805914488815,-0.0524296969115663,-0.280840160438295,1.98747036141942,-0.023826164622741,0.639466442583414,-0.803896618285112,-0.184530371595218,-0.0854716645457544,0.450022645971127,-2.06964384462893,0.895782915135505,-0.285437220283769,3.28671505237027,2.89777643324387,-1.60420886304588,3.24853058983145,1.72581768030551,-0.661075886843392,-0.956629742396022,0.0985840067523845,-0.899732716949674,-0.921393353147291,-3.44212810771867,-3.4010187629045,1.86761233371505,-1.60785788271988,1.7839824738493,0.664784958503941
-1.39279281723864,-0.393241760856561,-0.818735192010009,-1.02015788527211,-0.948436630921256,-1.34573697686164,1.27128217113635,0.654575158525418,0.472999894095607,0.764898174543195,-0.959722550290038,0.342000848247307,-1.38862032091784,-1.70187988567491,-1.03110635558294,2.88915865599274,1.54465426605271,-0.733842745082006,-0.586215896665654,0.581524885998728,-0.576244989632845,1.26405685661278,0.925539763943464,0.302371783358858,-5.6957725533606,-0.158781027062893,2.19684785238432,-1.1372981168502,0.316876892058137,1.2162332557783,0.68288593026078,-2.54274861224757,1.62819636792915,0.332700609227889,1.12018171473795,0.177131356621036,-1.39315037754208,-1.32654624833959,0.197678683914297,1.01786883387365,-5.37319788111945,-0.374546029335275,-1.32826447020757,1.02177724299013,-0.258897169968926,1.33979146603453,-1.19252528843834,0.817457128439911,1.32629804082009,0.0788570370823296,6.04748757466793,-0.21231769688772,-0.288135009611178,0.897044187390146,-1.84830768719562,-3.36806274968389,-1.38574170410824,-1.66436132335504,-0.404108094643048,1.65089417840836,1.21452061125988,-0.993191408263013,2.54115205701106,-2.69108753502623,2.7560928618873,0.365149658850838,1.43282756626103,0.538593156234537,-0.0464553834993142,2.385503634082
0.031693228905565,-0.854859873075402,0.382630031423599,-0.318473748328605,2.37263688366679,-2.33302001204272,0.184219820565104,1.16618120494556,-0.693863187413824,-1.08457297249976,-0.900048627008455,-0.063698357881791,-0.228067370921777,-1.47745156980381,-0.277369646527112,-0.0784621010625545,-1.74293885230681,-0.535788739094259,-1.04504848027742,-0.459519634863133,0.621088798338843,0.153431423577409,0.868304181109788,0.886982207735741,0.414415669594762,-0.0132659097840946,-0.584415463069684,-0.784519565868682,-0.720050243731412,-1.31387858216088,1.27864972042771,0.233760939621427,-0.847119069118775,0.993174239980304,-0.462571712348939,-0.592751552197699,-0.0993260048667752,0.276608325006495,-0.683562851667752,0.207060776017043,0.837378317076396,-3.75761570561118,0.378301646627716,-2.07423933470794,-2.74467778830283,-2.35635861297413,1.91420345876154,-0.390387662071296,-2.28502791632338,1.61679930299085,-2.63395596594059,-2.73179568871878,0.525620915825765,-0.617627754814243,-1.68519809549355,-0.236653420380211,0.507021914887794,-1.3928118873125,1.67846072921478,0.0632100881519124,-0.788679761329288,0.562904504952655,-0.415037171423559,2.23920490483609,-4.38386609755254,-2.32856792708866,1.44083607821399,-0.447626320061399,5.08522859557625,-1.96170655370062
-0.880973141495767,0.0307855303072882,-0.492550687483816,1.25890326763913,-0.650739919159487,-1.55852959263873,0.118326213743287,1.35442801944509,-0.391056947466143,0.227868878191765,-0.337028228772788,0.25548809595377,0.0568856709332441,-1.70238086462369,-1.50582826091406,1.12406570556427,0.408707107465523,0.650522002426719,-0.0431808625777318,-1.03561635656341,-0.284827629057975,1.17421854425493,-0.200253425880832,-1.29849536061053,-1.52192775587849,-1.59539519435829,-0.387617593993806,-1.3588582953351,-0.621563310228006,2.0261332624898,0.176981820313605,0.313303536000938,-1.49394248704515,0.63390225406355,0.700771620714577,0.566304570889958,-0.278153880828723,-0.204249622740351,1.01354632941962,1.86948616336654,-1.93740884097188,0.347781058412074,-1.49716917009546,1.17613019313231,1.75326847581098,1.61868658868303,-1.45267479158603,1.18202240867196,-1.17401272991159,-0.982974430094168,1.58481754724903,-0.131918226995994,0.741998167781393,1.31452376235531,1.02833585322138,2.37987979345826,-1.72836374708178,0.832616241729688,-0.242873964396301,0.950158864331456,0.0761713679300992,-0.076659367778445,0.553534666932476,-2.25325651907255,2.12009860821557,2.01933703473412,0.280686274369567,0.402191199801441,-2.24867575154399,-2.51238259824934
-0.454741893413034,-2.04345546412647,0.994251276223158,0.491846018381895,-1.11921106342791,0.612889809668442,-0.537758062871901,-3.25670655886048,0.0171599969084713,-0.100019246167655,-0.213902699704799,-0.608659350301517,-0.332074356810477,0.0711612373353741,2.02086279700017,-3.13041224935047,1.24390986388895,-0.823017780979586,-0.218775006451525,0.550880044317997,-0.430641216847621,-0.722869569335274,-2.47442025046255,-0.548927329447949,0.21668530278885,1.95805677753436,-0.958029899337413,6.32013929791874,-1.24391778865354,-1.36952049715624,-0.579225579045939,-1.07796718916425,0.594474511235731,-0.307779854599046,0.447389297857015,-0.189974277354357,1.28899205260579,0.962441736533429,0.137424464713177,-2.70849627036962,2.7958587830634,-0.234447858205188,1.48114078581893,-0.302943306211004,-1.33139237025127,-0.344860393746534,0.0945724189583524,0.406877200759139,-0.246706983396039,-0.441122308724893,3.43750812691147,0.916594101733358,0.289562332777781,-0.243464542825575,-1.31254644856346,-1.75121009858984,0.564728884455089,-1.13834904252956,0.732344859521356,-1.88428172378894,-0.713952009735096,0.648422464906071,-0.189161866550068,-0.640702217755445,2.54812870722969,1.09718875590157,-2.36763323103588,1.31099235009464,0.97520049592733,1.48051390644644
-0.939754189004232,0.0200817514796936,2.74199859658768,-0.6598512550141,-0.264386023951073,1.0005954664825,3.49873125469689,0.61347344935118,-0.568828055903985,0.566359118734794,0.165591115804559,0.859161410558211,-0.239474837283523,-1.21769236082522,1.07775025795992,-1.68864897727112,1.20284575692267,-4.31791527972683,-2.56542090774917,-0.013911787843868,-1.04830989053987,-0.310692479615712,1.84423388928201,0.758041259232037,1.26760983104335,-0.0674657526308487,0.991680750588436,-1.12777692917536,-2.66263892238782,-4.03590964186823,-0.669098749124161,0.789707941254475,1.46535526452816,-1.34800177176787,0.684826601149021,1.89028311202295,0.276069073879691,1.78031876920964,-1.37053474974768,-0.498098502768269,1.21866240032683,-0.321017443581721,-0.717973905225928,0.166345862380571,-0.585480256751613,-0.95956582700775,0.588290157425092,-0.379963907058494,0.633893008475053,-0.127107387174391,0.504385514413255,-1.34253500663242,-0.697501652272654,0.209497689867564,-0.845888349828277,0.179496195197242,-0.0681715658501121,-0.1732678545952,0.68665687086933,0.858736902177278,0.835078481774561,-2.68231770484453,0.669280084835733,-0.790798148397911,1.91911216050511,4.03981018242262,4.32119301899532,4.10919336463582,-3.96391661338728,4.81816833775039
-1.24867414565183,-1.02082754974608,0.797619845841737,-1.66000148709941,-0.367982900774816,-0.651751946965304,-0.404062127914727,-0.565866771520798,0.324128640634233,0.311371214137934,-1.01097045994306,0.706633209017511,-0.113018318193235,-0.951714484316603,0.0219833903533807,0.383922839909262,0.831677163085434,-1.16627152818409,0.880905179817748,1.0917419466312,-0.930222987599736,1.17113966604317,0.984158225746168,-1.44851270088335,-0.379096522153074,0.739383899575024,2.29668662408704,-2.76682055722843,0.257897958206968,-0.808655230626782,0.0241262707816206,-0.568916956025447,2.2329130449916,-2.81051857404904,0.784795979068384,2.01243621276029,-0.72743554078563,-0.997392456900172,-0.459345309105488,0.685966507228825,-0.387394724859154,1.07457121814576,-1.47731014321971,1.78365087455899,0.333887041332367,0.459315662859446,-1.46189414612809,2.20157003813967,1.81829134151588,-2.93891206268661,3.49351652291983,-0.0770767310203346,-1.31996598773115,1.69099117833375,-0.856873486479969,-0.392827512590101,1.07906147625587,-1.83275960199524,-3.05847890034349,4.23777832599202,1.88189957250076,-2.27917970638924,3.88932676072771,-0.106382941389354,2.02286420663367,2.46047797811058,0.448259520641138,1.86527288059985,-2.1881166146548,3.67318128021419
0.36712536956528,0.15594387928313,3.09020420437725,1.03275966759803,-0.771206730685125,-3.38727761454373,0.837757710948618,-1.61671489668612,0.0424288711246389,-2.86269253019849,-0.0682098561521848,-0.158837469288614,1.01565439251285,0.177052233019645,0.769341225048523,-3.50060174205412,1.50839794025447,-1.32943053926607,-1.41379166579025,-0.503186306019321,1.73160080295354,4.38636456318288,-0.127170772997273,-3.75451137784632,0.436489585548517,-0.385988799414424,1.01880132014794,1.85214824246185,2.26610477605043,1.70919115082126,0.431914653922488,4.08910801590508,-1.53390772836485,-0.511452840646054,0.437004220403865,-0.999536451943451,-3.37138820603296,-3.20196964095172,2.92221576453242,4.04829710261816,-2.95571458530697,-2.05233278456427,-3.52542190671573,1.23333982418378,0.798885605059587,1.94157809005497,-0.781845260582492,1.54296981919223,1.9690916886229,-0.303059249700742,-0.815458843157841,2.9392896850026,-1.92527505988153,2.12314096806032,0.923056778237236,1.66452962114689,-1.00771493295262,1.15982679286101,-0.25034584944344,1.16919686251093,0.732558181647299,0.141327622178561,1.00140243718725,3.68263936126319,-2.65574382175434,-0.700794520403274,4.4255900732843,-1.46692279243778,0.327767053678573,1.96682352001714
-0.0673143775446005,1.10983949192887,-1.58936261985396,0.104038335997911,0.662874071755022,-0.0972104432698309,0.281071374096153,0.255266397079395,-0.510574838072064,-0.840861788520096,-0.521424444439347,-0.865829697924563,0.33539932670336,-1.33321072807943,-2.92029091099748,2.88796801623119,-2.47541891900946,1.77518052797218,-0.89297871484365,0.19872715855195,1.6101665318123,-2.6669402126837,1.39098750575911,-0.103807226816752,1.83658731690105,0.562560726313784,-0.924810020023446,1.98012830642828,1.3139886878102,1.39845584749632,-0.837829119288716,1.90235850633307,-5.85010159485328,3.34942937371473,-1.09529938170346,-1.33170158444127,1.49140976321242,0.403376896588731,-3.56456802753935,0.494058304201512,-1.42886185454608,1.65313770872673,1.46082589672348,-0.594865267512588,-0.343751325368187,-1.14006374698926,1.89251911619511,-1.16891277466778,-0.944102677023356,0.405338828574464,-0.51376015296672,0.0243403184738203,-0.00228016053027386,-0.50511052764849,-1.04218786202155,2.8806608850289,2.88449561018479,-0.947553031694619,0.0619245054999031,0.67447617493062,1.00178245246714,-0.242943252723607,-0.461626170107718,-6.86416608440653,-1.83782840306745,-11.5999552925844,0.806625435386977,0.169463653127138,9.93599990337687,-0.475377303470293
0.561443860504816,-1.12540030935443,0.829582485615129,0.931633086804954,-0.802804987444452,0.25889653912259,0.774650337825537,2.50127440542606,0.175332768663632,-0.277047668887457,1.17022299132253,-0.809666535282159,0.323365261632107,0.390618143553958,1.7117761978598,-2.48222579084482,0.241905514095248,-2.03250102982445,-0.879582798407621,-0.365983085887405,1.34762580076136,-0.812617755050933,3.67640865133071,-1.27301825707464,-0.532465486764786,-0.119677479222174,2.94667032960387,1.25235291413677,0.523386954675056,4.06703035493711,-0.254945711393401,-0.711519107003225,-1.34491815574707,-0.22515849244832,1.81931477231248,1.85383745254456,-0.351467877104927,0.895359501294001,-4.96574760965727,0.505470228877997,-1.53308784787326,-0.957412556253269,-2.96676794336062,-1.18263685202594,-1.30860802554426,-0.105220526538307,-0.629772984782372,-1.68603695437059,-0.0793233986614043,0.0328481511217257,-1.49154893196401,-1.29401509271728,0.583952515508994,-1.75333031486953,0.821942818817078,-1.42940487934101,-1.31241066243263,-0.210292009152027,1.27531782311178,1.61183681786291,-0.6100544527463,0.434986086209371,1.82781307974328,2.34842871618191,-0.809955369912222,-0.339569155859788,4.68936242856752,1.71898741736134,0.754051373989926,-0.170859774565799
-0.137909390813746,0.0852035916511492,-0.388219953657564,0.826650921705394,1.00520729607558,-1.1355893050048,-0.899985753912013,0.222806396473324,-0.391732223036216,1.17877879111416,0.657480156293376,0.784013377644864,-0.140454569217402,0.0918246911208662,-0.565686789693643,0.0125508467985733,-2.31926553990761,1.20900398755737,0.864024432070851,-0.0669137772949203,-1.79107769968159,-0.70891109280724,-0.178478566920608,-0.14227761440533,1.06961462493581,-0.86189675877347,-1.60318654913253,-5.86134505285853,-1.48403170553826,-0.218611908621732,-2.30168337472324,-1.06363105251414,0.0903220708640248,-0.19524052045842,-0.278960848746907,0.824983686176149,-0.292310615327483,1.88459937637879,0.678682455149248,0.0111374484238101,-1.04381919465722,-1.34772514690359,2.16166808488838,-0.0757024248107947,-0.66307027217053,-0.648968725882645,0.124219259595236,-0.952571865835712,1.23971354742583,-0.0653443480047323,0.580279906114647,-2.03860624930676,0.663540774590234,0.434270202828874,0.301177255665983,0.175639088729606,-0.15377129404103,1.32684795137621,0.666250935663959,-0.911520458894375,-0.834132625811199,0.564818107247483,-0.0629767587017045,-1.11097219198104,2.00371648889241,-0.501599486655014,-3.55986140351782,2.54619798319789,0.405324928387811,-0.545925020746219
0.0575879558269761,-5.49858011121937,-0.330653897166159,-0.573005541434331,-0.138119923279811,1.27493624361095,1.27474963429924,-2.40248175174396,-0.21196941363289,-0.866373876514501,1.57113493473299,-0.776232160220604,0.340601286645436,1.01335328310216,4.33625005784754,-4.73624615108184,-0.408663695632459,-1.44016676474888,-2.52777670270986,-0.0441501552386325,-2.09774641350497,2.48944232108591,2.02073705697581,1.01096700262618,-1.22626752000081,-0.0542231826821442,0.0666514151675984,-5.29419291804541,-1.53507438521348,1.43329769974126,-1.24188155791423,-0.447182721545191,1.32015999048846,-2.05402368897737,-0.342119953154958,-0.326587671960399,-1.76238170359634,-0.658443043729729,4.19771967001354,3.49329770171443,-2.49646743464456,2.18910778573561,-2.46409838756265,3.69435604214869,4.02963474633831,2.01002096484425,-2.94384062982027,3.28360108132741,3.73486803577366,-3.00040169555471,3.92113670958333,2.46374058433635,-2.26291813881137,2.17846568038856,1.6152416135831,2.17707493303125,-0.167640355255365,1.6379069994556,-2.18463658865287,2.26241569586569,1.15078244727374,-0.20584299380251,0.71215523344369,-2.36335026253495,0.316463313433743,5.65709821073545,4.48278167942489,2.66401201495592,-8.19545968841979,5.0198332096983
-0.752846588221288,1.20443455799277,-0.821477429138501,1.02263214366445,-0.0121040068431832,0.0386790200258443,-0.237770064919402,-0.557201236652982,-0.240977700450591,0.167109871466755,-1.29434468740915,1.32314742976278,5.11533286590453,-1.02349106048603,-2.28270898811275,2.38925626909358,-0.62566656917794,-0.490358621985249,0.803547065452652,2.25098969414491,0.859257766494894,0.308565313081836,-0.308485936876709,0.781737227910551,1.85369174790964,1.81777090925848,-0.121118646283721,2.14619685859528,-0.423299441022238,1.29710093257074,0.474520523977285,0.206346528108089,-0.677248372365984,-0.188842423188548,1.02560722177819,-2.00083700515519,-1.13652907570273,-2.15378124050804,-3.46617068515452,-1.85487733980307,-0.410768479616655,-0.515445861677541,-0.980212578745031,0.441088648229324,-1.28649862486069,2.58046810953605,-0.85348983724279,0.421859509090755,1.27961600574238,0.0773980687119525,-1.9968292321905,1.33044248781839,1.0416103023895,1.54974645011704,-2.00366077301898,-0.985891598584367,1.03306510055091,-1.97981553391376,-2.9662995906482,3.93661217585529,2.52629923663845,-1.10428512250802,1.88240598237345,2.2283556199808,3.60085516292937,-0.0262527577763187,-0.451733824527891,-2.27393563560703,1.11126879970908,0.499889825179117
1.07767551258262,0.599864846090786,0.53201546046257,-0.601365589910542,0.33304590208507,3.2558680717928,1.19212711195586,3.12446709751693,0.774791666465177,1.42831752727796,1.76776071963462,-1.38438747481871,-0.362099443292709,1.11301876142817,0.738614269163261,-0.20610294000541,-1.60185470324861,-1.10024342043214,1.68972889669367,-1.56752670696676,-1.16768100592707,-3.57045661077448,1.08579096341106,-1.01629294616121,-1.12022625275813,-1.60187201605858,-0.952828398846105,-2.40180217409849,-2.12647881435719,-2.90356903280403,-0.228815493406562,0.121838886007273,0.472819774539241,-3.79103886472562,2.42320682462007,2.70995917874416,2.42797960608972,5.75087698471149,-0.727841222587576,-3.31440637225819,2.71735731711034,0.0915170576708366,2.09124041863637,-2.47944530783646,-1.39287219292875,-2.2333887237645,2.21905024418081,-2.29499383244871,-1.82839223016927,2.15668408076172,-2.17514199211477,-2.87608149638479,1.65443639095691,-1.36119963079207,0.269172240609986,0.531357214133601,-0.658855994481415,-0.111759517170965,3.16560853150673,-4.57710260413273,-4.1558515845045,3.23173025829494,-3.7306282493588,1.05676703853504,10.2087689070674,-1.55808568389783,0.491991108725405,3.13253164741109,2.03884458698839,-1.93059418942329
0.281517559523304,1.77326130092604,0.094443279292482,0.0809321702611958,0.173280992444871,0.82047975063336,0.93287250518713,-0.698922055592784,0.781810430260757,0.876743239350595,1.31813340716768,-0.991124353265692,0.433368678793309,-0.364174362859497,-1.4470928587904,0.838239060396692,-0.0850070035014867,-1.30297608404971,0.797989074893205,2.18655492673276,0.880880906656018,0.343278806165667,-1.41079953081075,3.11446617816464,0.624568317381481,0.898788473559246,1.54433544660302,2.53829708844639,2.46723378501031,4.75336788203615,0.436066326390989,5.4018770388708,-0.569784078775965,-0.611179178642275,1.70573005934255,-0.764543513268904,-0.334355841140573,-1.50582610754134,-7.44189859017494,-2.47091327278325,1.48209928631123,-3.33706915268889,0.135768762544309,-2.97003265847219,-4.63234500096003,-1.95863910900582,3.4025469061922,2.33758690544743,-2.71610289126037,2.46605006988214,-4.64754258203331,-2.54015236455633,0.817409680027202,-2.37839538169157,-3.9212987696112,-2.22348252951655,2.29470441785039,-2.37491126076568,-0.999432837730434,-0.694342628125457,-0.911257134906636,-0.134126788508877,-1.26337559951797,3.33230812172718,-2.85688282105289,1.20534975183563,-2.29217454644474,-2.32462941841425,2.17734503243839,-3.8135578416122
-0.544958091959311,-0.54043193157803,-1.05736312155691,0.888564479552482,0.707276040767629,6.14968223604092,-1.41423646430051,0.612898402200798,-0.025905183783423,-1.13752254654725,0.557003593597768,1.73283722734239,-0.695862386715697,-1.14561895152382,-0.368178532065065,0.523037927174391,0.715351963964261,2.23963391482362,4.80109462988183,-0.845970151568832,-0.0669300486806875,-3.22547973555951,1.93158420336091,-0.207379022701467,-2.13422719103689,0.121294141468636,0.986665221243148,-2.62572039968108,-0.315744209911296,3.00517093451887,-0.714615081046537,-0.217495432548273,1.23825095351022,-3.57977848396053,2.69796601749706,1.35919170300933,0.953461465476474,2.37563929785154,-4.67157806759977,-2.5483811043411,0.96001690843674,0.0656254233057518,0.816732821982056,-0.929405035815198,-0.175923291190556,-0.190121117351047,1.05301836850715,-0.245362971724433,-0.766851437654486,0.756178738022999,-0.0740015981239797,-2.03536275582889,0.314667638507671,-0.00279691392452952,0.488047877888516,2.60208117866197,-1.32246989222367,0.620871722373565,1.84757709812186,-0.10096827033495,0.149235314668893,-1.57653323504116,-0.309381875914292,0.950446327352936,2.87010847488567,-7.59948055628512,-3.58530366599367,0.129237458626146,5.63423127964498,-4.79716552830147
-0.819754586799144,-0.432116326709349,-0.186842666117818,0.824818287757031,-0.274679623510215,0.417750004448129,-0.110472455022614,-1.60127097624456,-0.934037007742186,0.115461748753343,-0.367345851258229,2.20872222286309,-1.67359105761399,-0.475930408412161,0.170624475749881,0.912582260838842,0.548298995323823,-0.520058893669986,0.0743834333523391,0.113088108553639,0.551461040258255,1.10376866511835,-0.321529770420953,0.41723800952533,-0.483878078556323,-0.490757957334303,0.302083952871059,1.06045994378589,-0.894155788624429,-1.65059552477733,-0.143097369610146,-0.402968234530147,-1.2456527223524,-0.86018773044735,-0.220905824640114,2.34875600582416,-0.636607787126025,-1.1018955242378,2.61262710724023,0.35474634571972,-0.896038894977621,-0.313753681218866,-0.496402139586621,0.584248404764768,1.61643126320279,-0.129202906442906,-0.855845263747383,-0.084141927321901,0.117496644127738,0.437826431605391,-1.04213663315375,-1.17927288580062,-1.04114620628802,-0.588697555891539,-0.983936138047745,-0.480496521175115,-0.568924739269019,0.0114185173947194,0.181760522827305,0.553033925690334,0.275434793227131,0.281746030694098,-0.843458442934306,0.38618672089196,-1.60681759110946,2.99756020063551,-0.768901417610375,-0.218161687246051,-4.34677788961639,2.43463872813691
0.586764547202337,-0.0662677338957143,1.5384701932703,-1.29799985097393,1.29381428002878,-2.78315232327268,1.21727851127217,1.6157567761879,-1.00307661391209,0.687084818865107,-0.623439184025198,-0.471272625546964,1.07155601380582,-0.692529921487304,-0.785274923726797,-2.77454078168652,-0.665839818318124,-1.15049667563543,-2.90039880056241,-3.67360563767218,5.51572162928661,4.94099147253795,2.91973853284965,-4.20542363186811,-3.30064793638674,-2.74297536993113,-1.61937809613242,0.83084649629547,3.88542887444368,1.1066694191974,2.54936630406268,7.53659077437011,-3.03551471009804,6.79821011148767,-2.06177863257002,1.5212364659329,-4.14569344204293,-5.09204950841563,2.42729784798265,5.43252103880104,0.364319019549351,-4.18787042176596,-6.00518313155839,1.2511724520328,3.68519805799301,-0.0100122744483737,-1.00817652219679,1.53275951666343,1.9283911419257,-0.97986880445147,-2.90498993334131,2.76431335927611,-1.7386336309975,0.72253108769032,4.09105269625557,2.40669175367118,-2.32372315170926,3.28325393853867,2.21975301158023,2.88431242794628,3.00588974417273,-0.187958323029208,2.34677831600617,3.71673488173425,-8.08956833507986,-0.337532278177606,13.903355931655,-5.66052047687078,-0.25868609829803,2.70242920206293
0.960686532271624,0.424748418719475,5.30164359802864,-0.971878408611511,-0.00129469595544528,0.941275370203919,1.23428853284892,1.46767729290262,-0.0751549510734071,0.955308953356034,1.98110899096046,0.0940915837039028,0.586606598659007,0.75027858952405,3.10822527202409,-3.74991888840404,-1.36080677417366,-1.01174230253781,0.199543453977534,-0.347085302474945,0.670259644023075,-3.44474372995455,5.30964736821745,-0.277532269125901,-1.25324752065119,-0.389407870778322,-0.982711600709696,1.69127764206895,1.09940539192087,-0.440183675361538,0.632603031340645,2.62039058410526,-0.00305618560222737,-0.424005317519412,1.55362531023625,5.40582454782343,1.9121994313952,1.37499036004967,-5.57783651409861,0.465026591430938,-2.52786421219103,-0.427674995788824,-0.238047477762713,-2.02297521112015,-0.0324881760462019,-2.51774645759389,4.43792524089318,-1.63096347552186,-2.94024603936351,0.870154905946434,5.68800071076212,-1.07667167135973,1.25856295196577,-2.44768569553183,-0.894038935682764,-0.116924344234271,1.35529884135583,-0.606047561562354,0.391615493764059,1.19129169726724,0.922166426606463,-0.0533890630462949,1.511116734398,-1.43240912564528,2.08688503868873,-3.59214721155159,2.32431703228152,2.70532661216456,3.02504618179043,0.103988408954937
-0.004217285289148,-0.592879619941118,-3.66493285267251,1.72390826480118,1.25330633942698,0.61021865551683,-0.914017222869462,0.349685246187106,0.74861729365295,-5.46938228752291,0.105125657645022,0.533221138184194,1.15126808920678,-0.177651018031238,-4.40891315312857,1.40208778871732,-1.17810199004343,1.7840773038571,0.867161741020238,1.62511692885075,3.45078990213873,-1.18585732145724,1.15431820247093,0.144747798370208,1.53494046417666,0.721443836063933,-3.45435362503835,5.42163837284602,2.772879618842,5.34142174516254,1.1030389446265,0.401580837633798,-3.54657962039662,3.55460238558892,-0.253416409726116,2.17763813956878,0.390743325703167,-4.09480839572863,-3.19304429751191,1.96850412805258,-2.16012136926791,-3.30388166253208,-0.545533353025616,-3.20789138860581,-1.36826137325462,-3.29426133369278,3.97727060944103,-2.03985284581284,-3.27969738922766,3.31664313313458,-1.97877675123957,-2.35793368514889,1.68857616635679,-3.04482714014644,-2.42463354489226,-0.163357357385164,1.99693887700457,-1.85892506932742,1.10071486041245,1.91671675061949,0.64387067521791,-1.18905846758734,1.78994434526698,1.42340320481536,-5.72014008968733,-7.14271285682472,-0.277415051780644,-2.0497715332837,6.15678293449382,-4.67361580676308
-0.0815234884016354,-0.129732248981659,-0.699785501039652,-0.0763639134452339,-3.01027431063936,1.02143403522261,-0.558425166218343,0.800072793592091,0.688501800649262,-0.159005163024312,0.62010578847264,-0.487933859147524,0.426931348204794,0.0434789223988532,1.39146332590342,-0.480732577615154,2.42481915658165,1.59512381339848,0.796498016849091,-1.02162570202147,-0.514026958777866,-0.990087366646474,-0.466406870214341,-0.105514026447067,-2.97862039369909,-0.401757031412277,0.0552814925013255,-1.17499619542736,-0.676540118030165,0.88779141827336,-0.128060653294117,-1.34487269198562,2.01377068902096,2.60195973107675,-1.34790865876989,-1.11467353549328,-1.00661185136927,2.26837293634496,1.13994847683513,-0.328272290562414,1.24364141220953,1.6713241959591,1.97298043376208,0.369497265539461,0.487509263379097,-0.296563781884408,-0.29503479439353,-0.0392092974893143,1.56088125259644,0.384359956597427,-1.18944384924929,1.06657221578319,-0.372009511606473,-2.10872363394917,1.41047728424766,0.431230028247922,-0.776235604867838,1.01301454567782,0.469645666495512,-0.614668403456116,0.827680182488632,-0.0875271540868489,-1.13294226010811,-1.93609838245072,0.555373744902046,0.105113666278805,-2.34103390402664,1.93282021576665,-0.42917468508108,-1.91356215859909
0.0177456095618919,-0.464356154717431,0.0285029141261952,-0.921652441985752,0.0629723434240558,-0.100975675563579,-0.718486296741275,3.79517493687336,1.27602716880842,-0.811941165549641,0.0195955504505355,-0.46400145767048,0.172101861011696,0.773643048939003,1.25704500427096,0.352351274713003,0.000908658495185587,0.822878526267074,-0.373950246360732,0.365016132000531,-1.1293217223912,-1.51530568001237,1.32861362837697,-0.677704347834341,-0.888056676899634,1.10951897355711,-0.106779880440898,0.115047241906202,-0.164869542498661,5.00618423757002,-0.528422100946179,1.19807416630961,1.66262689425224,1.30355638599777,-0.781598880733006,-1.7003002878119,0.707923548573403,1.29436541484171,-2.55906170526567,1.69062953230027,-1.24851632598159,-2.1083860191369,0.861115916868623,-2.09010784750306,-2.02928105996785,-1.33984650353816,1.27222898954464,-1.88201767168827,-1.4847996568776,1.84697686964613,-2.6045077129273,-0.450528411577537,1.02527325956456,-1.29012197570698,-3.03071063761848,-3.68465937395193,3.96746189548854,-3.1201313345228,1.13781668246928,-1.26957412339179,-0.782411924732741,1.53807361760076,-0.441512352530663,-2.03069362641701,-1.17552559025055,-2.36608499300207,-2.20707608731819,0.467363652782102,3.66306313451782,-0.782432092049296
-0.118541287793536,1.19049374788107,-0.165109723456541,-0.531669577547287,0.000179870974281377,-1.73208996485557,0.419164716626036,1.13426879581102,-0.284461667832569,-1.39051121313086,0.0812194331022859,-1.15027435859513,-0.14505541351322,-0.852226575671245,-2.71754897892222,0.486357583426259,1.5456165998476,-3.93189882599663,-2.49137351251472,-1.12936746649529,1.28655075748129,2.51959727774796,0.570765066819441,-0.421924065016757,0.493659802797419,-0.783673645290745,-0.0673666180572914,-0.178605499433649,1.42819040207564,1.4485079210896,0.821023698129103,2.41825721952922,-0.8032496985635,-1.18971571786778,1.28423093058259,2.17280781473632,-2.80642511210145,-1.81379016237988,0.447994997772353,0.798400053221177,-2.06872153963854,-1.45246133594619,-2.04378183923081,1.08836014339997,1.81468369413421,0.543929924515178,-1.19966480054657,1.01120015200117,0.914978896239319,-0.135843801549517,-3.78387708005403,3.22151989745243,-0.623746145355734,0.631721379945768,1.66739514425555,2.14111301160049,-0.843271460730203,1.33451815411714,0.569731577337774,1.38571931234203,0.827246802248208,0.356373981850457,1.74616457806045,2.21867283460359,-0.943851103505509,3.06431667722509,6.65760166379758,2.66475287687499,-2.31756183724334,5.24271900507697
0.835533295493328,-0.390155176243969,1.60297633627447,0.838326751462225,-0.838855241871445,-1.42637488562552,-0.856446553445756,0.74271912560382,-1.02735959275533,2.19496030812503,-0.272831645115144,-0.521160011969334,0.682088230402732,1.43490623069458,1.73513451699147,-3.23833320652797,0.110601010295136,-0.37343528136218,1.28341722815222,-2.93807025536574,2.91702026108848,-0.185262731325848,1.56884401840961,-1.4186462769795,-3.31228331990223,-1.46791513195253,-2.12816511369223,1.26982936754158,3.30051641622308,3.83085866043003,1.26494181338505,1.85187884865667,-2.42425231008629,2.06517792520217,0.551076340595318,3.51622591490332,-0.664726088089944,-0.162570569852325,-2.75744059629541,-0.177275799320235,1.78571618596307,-2.79563161487809,-1.39448104321453,-2.63702253028856,-0.370586883480696,-2.59860042567116,2.12121350813923,-1.77495407015469,-1.18960990445938,3.41514132445211,-2.14327194305984,-2.21585160525838,1.22449766908164,-2.60751822617337,0.410064607530294,0.793281341212218,0.330763580380812,0.34436501551723,2.55019518131329,-2.52694702604712,-0.872556114652973,2.65684518272529,-2.29804670378915,2.78773116062807,-1.62246995963126,-5.53490445364337,6.39640363060387,-2.49243232482681,5.02164821706558,-1.30411246219289
0.256284616182677,0.85413841160158,0.962025459883745,-1.26057123647655,-0.71230079877834,-1.45366338367649,-0.302604991925026,0.501950103284114,0.305141714673474,3.25618586445136,0.638329940241445,-0.901328118953805,0.665696431249873,0.117693331468899,-0.412539572834774,-0.384959162182184,0.493106463822171,0.364017337555908,-0.989395000956085,-1.11671584160155,-0.646598773597503,0.905677845087106,-0.317229711078552,-1.39407362777966,0.479762140887638,-0.854883830004149,-0.742688165099004,-1.82425435774469,0.42541956629266,1.13992899563494,-0.62934235618753,-0.648199490002216,2.52929974775921,0.99377187626905,-1.08268212565209,0.423200057377323,-0.00362908982857213,0.0757809595507989,6.62749859188026,1.51352117410772,1.7275408668478,0.425722474099201,0.010122701275059,1.63757796620259,1.79782292380477,2.04226887917948,-1.88358964544123,0.18731224163027,0.247360710313494,-1.05678656194255,-0.240309883270407,3.99797454404344,-0.781785232840545,-0.392574109599075,1.26808454430915,0.211023712454613,-1.23894221705893,0.796631386517193,0.647774503555628,0.361474377306801,1.25201543739916,1.23684556615567,0.681602272946625,-2.53681253721776,0.393757576442707,4.40805207653779,1.25697627128049,0.000701393755614954,-6.41491095630973,2.82530651917087
0.909198027221674,0.581511815153914,0.567707576454401,-0.726952437681914,8.69783795631512,-0.0169758473081059,0.00263082909355794,-0.97935554171665,0.774333157732879,1.52072068882186,-0.731020809872833,-1.20543753404367,1.44205584877485,0.196779333957153,0.648126406973704,0.551823025449175,-8.38390952035105,-0.18535374485799,0.76887717935459,0.887574220190428,-2.60682656243056,-4.3211693259798,-4.61002605662788,1.77760019348833,-0.108223489291821,-0.0585873623018441,-0.151574979998414,0.736401654117887,-1.56915806558763,-2.65851280907166,-1.72170768260628,-2.42490427145482,2.97397771113689,-2.60257037220716,0.861786250040783,3.70388052456834,1.53857225016581,2.98489475801545,0.999986546531442,-7.5393218059464,5.01190788756071,4.44935424879174,5.62028687862462,0.895190488923172,-1.13982082556315,0.340115343299089,-1.31352395477978,-0.322395069737623,1.50502770302538,-0.695421109303571,1.48421098442498,0.351503233188073,-0.986592661418669,-0.143185009953684,0.0126860807808814,-0.0259464161969424,-0.934015748917017,-0.826947445215974,-1.83455040768184,-3.48810666360403,-1.13348633171011,0.510405711162345,-2.82951248413024,-3.57889804746934,5.57974507510178,-0.301626166293586,-8.67432604107078,5.79990918273228,1.72467127444889,2.39610536353776
0.846119365311534,-0.543178340647131,0.925254580128098,-0.382441860963131,-0.349942756452862,-2.45244395616496,0.129013572670211,-0.410196753213905,-0.708314309658947,-0.0582019736936931,1.33137415939605,-0.37935518293896,1.0538339782882,-0.760084929990027,0.856324461300609,-1.25777663799101,1.2012154042279,-0.094659762050406,-1.22876766533359,-0.598396828102885,0.199238314210584,1.96500337103187,1.37711828273059,-0.499080646215475,0.404848846275637,0.322145685221352,-0.647696107594612,0.359154113846708,0.0746827634752265,-0.872664079094374,-0.317974688968908,1.65554099557654,0.0333801181080447,3.11460169850314,-0.249971606559429,-0.917910593409434,0.77507912339973,-0.620996844615974,0.693305860542283,2.91997202499612,-7.70585912605617,1.16234823181507,-2.08154412506868,2.07854950544428,1.76972874454706,2.3685235351958,-1.16105568541253,2.16957426283633,1.26440945475307,-2.26230106052608,1.79119642594417,1.09502488159065,-1.98228002244213,-6.62543914330805,1.25511141612107,-0.958640919515275,-0.441134712394599,-0.60463323883018,-2.24675115150926,1.5379210276659,0.871665025105251,-2.71785988981572,0.994101272773467,-1.68105888556865,-1.95415129204344,3.16661367956823,2.26718625525539,-0.621615104237234,-2.9269079463201,3.91333068159048
-0.252848220164855,-1.07319215568272,-2.33833903920352,0.379396973161068,-1.11104927920841,-0.495867737079509,1.51981680260906,-3.52057775245537,-0.504153138131034,2.17680849382412,0.793454122842338,1.17193899170479,-0.55432351026271,-0.3796463636425,0.756036948316766,1.78693798536868,0.889409044576445,-0.954421172540831,-1.4156222061547,2.35717097291878,-2.22100419928202,1.24571198764863,-0.822014722378688,2.91478254698915,1.34496669811943,1.59172887659085,-0.504221748163464,0.190634963385133,-2.1655443473317,0.231450961013384,-1.58922935291034,-1.29231175921974,2.77541359777272,0.90953077451684,-0.362284943152196,-0.0532916598451073,-0.8613821613483,-0.286091226442319,1.05552155308863,1.23671703316263,-2.81240396098529,1.39043994047761,0.0660747530524629,1.49763350864603,-0.68640505604081,1.25255340334429,-2.10423150729327,1.94284686345795,1.26865493837703,-2.19984574320811,1.47379027263767,1.54557247528206,-0.816911653815386,0.192158821489232,0.0245211073860253,1.151415760615,-1.22827967089451,-0.212583432496301,-3.33624856269105,0.0551757501393042,-0.952326801732526,-0.623067872548625,0.181218829693594,-0.0158595514593205,1.63764390058368,7.50045693464483,-2.45503902723996,1.0559306286647,-7.55328471844401,2.41642102879172
-0.291069354728706,0.636937637539139,1.01461046903185,0.257158923400227,-1.37588134753179,-1.44889083823617,0.233061139442186,0.678448448301907,0.653675229593409,0.377141114072249,-1.22625342952726,-2.6797666116709,-0.734855132500388,-1.26302871512234,-1.66897615579689,-0.165024997730809,1.02420243428777,-0.503998140307827,-0.495982091425074,-0.42734742355868,2.91025616352629,1.18136344753205,-0.937548747140221,-1.37286555140333,-0.653716355296634,-0.641881791685327,-0.0155169420999726,1.25569073187038,3.54345753655398,1.71361884517252,-2.01653354855548,1.21138239739887,-3.34391019419757,3.37538466862915,0.00541353730017563,-0.804277238196617,-1.24142358927438,-3.83767390874795,-0.902281820264753,0.706545839638043,1.40265926394804,-0.441254966162691,0.751763128138497,0.436471488630837,0.0488035575015827,0.292975397492705,-0.557959564399541,0.781474213166907,-2.83237484991531,0.763917388900482,-0.394602060520433,-0.470141000840871,-1.28192076668294,-1.35542232469995,1.13518422556217,1.17929873636065,-2.45125870482257,0.450263209769339,0.972209958799657,2.49052962502859,1.9933154102861,-0.793262433752506,2.13202062405424,1.98422647707527,-15.3391553797582,-0.92638320960013,3.55053785312823,-2.28860142449924,1.45936003227695,1.20685744433847
-0.573522675938099,-1.32508733312997,1.86647704832624,-0.15786992887908,0.0252943805547043,3.79793063627259,-1.78457487327273,-0.176816989411757,0.0959417869701696,0.196859044641082,-0.529496672059519,0.13685301805709,-0.393851824288117,0.069965075132039,3.30520372782216,-2.1136566922753,0.947285964842791,0.864224037751081,3.66306311023467,1.07903378423838,0.44325711139473,-0.530620449752732,0.155964552332718,1.03696731037258,0.163693411886012,1.05844570246149,1.75516917000722,-0.112083701121096,-0.503464090855394,-0.497536033343616,1.12820089924659,1.05982603388618,0.701748361485774,-0.750513319087817,1.63977676269956,1.34032212202885,-0.403354783201701,-1.28573530108522,-1.55008115377856,-3.30923962902279,3.46642442386728,-1.25818913866168,0.572093000711341,-0.816148096737544,-1.83914762466283,-0.167660684993908,0.397908028686104,-0.809860550762541,0.512772710319856,0.678445655670634,-1.42865516946763,-0.380178438162914,-1.49201329365904,0.294225401597184,-1.09688265282562,-1.3425035575465,1.44922901998833,-1.19227930600511,-1.46211463555746,0.799323814141913,0.0370295747810898,-0.433399802122513,0.696475300580815,1.02206128759882,1.5311125639613,-5.17358030318411,-6.48030316392202,-1.64300701844225,6.42669551102004,-4.1114055976066
-1.42912547372463,-0.068181164518998,-0.318252506173445,0.847710844271472,-3.03160334222392,2.51346866223372,-0.724964028199158,0.423854034615842,0.0892457004822355,-0.675727630316181,-1.46941849122977,0.316492812124478,1.59337380132869,-0.725441924598301,-0.276630832657247,0.489116313651768,2.03091832013564,-0.187343541896373,3.03843779232405,0.4245537634861,0.441265573915256,0.124972767935131,0.0768266040607003,1.44400925690709,0.441389663620967,0.171225284327344,-1.52433131141219,-0.802075545609536,-0.056293433177562,-0.106344298859983,-0.363387852371048,0.799168701898027,-2.09398595670513,-2.12680424222595,1.82161987713067,3.03916436058802,0.0453435800529444,-0.104858111935615,-0.285920923519767,-4.21268746835395,1.69369249345645,-0.666615181638956,-0.301029896404889,-0.722307673436856,-2.06938708661486,-1.00040602352191,1.88291080970753,-1.35341848908979,-0.0496812633471232,0.566521168446221,-0.462391973715418,0.438946655689354,1.18178648561349,-0.967280776726778,-0.764758716455971,-0.448990211006497,0.784685080280079,-0.923489005171293,-0.933897997727502,1.82213881111367,1.5274747205695,-1.29151755713657,1.36721783873297,3.37516156156385,1.02351146048341,-5.81417715385347,-1.43587625731224,-1.88739551096402,7.29915576840321,-4.94918326821283
0.86819559484487,0.261435307253257,-1.74956387796075,0.047700922053545,0.367270657440203,0.504285283602869,0.42868166499841,0.42891137658408,-1.27318788653924,-0.537517796120094,0.843050475134594,-0.711532216750535,0.282882965770679,1.31465640181394,0.943396759961146,0.96085380625434,-0.569477532997239,-3.71918256083967,-0.0345419161840678,0.639645442336731,-0.238769489008082,-1.80522292766499,0.153837707233596,-0.586819173655185,1.3414608928768,0.391435994501268,-0.793763714224543,3.65542296473252,-2.27693663184098,-2.10054854391635,-0.833175771464827,1.27942700677467,0.0637589239839744,-4.34442042309381,3.65315649361097,2.54444208756089,0.908751909030732,0.657996860494246,-1.74400924653034,-4.73952046878321,3.34113535313187,0.0345722261830448,1.40424858115768,-1.51542064691132,-0.580155598909797,-0.759332080746078,1.14332431584394,-1.11720297677957,-0.917178606637541,1.94200628588868,-2.31501293881735,-2.29847769653131,-0.485249962662542,-1.25771949248478,-1.6049403380171,-0.994871686599767,1.90396576824075,-1.88987523684168,0.0140801882478782,-1.70151045604383,-2.30505812573189,1.32817492497984,-1.61316052217624,2.87107533404043,1.52566551513827,3.11891745284691,1.67267948188627,3.02919068379648,-1.58829625948107,1.85296109914011
-0.916980460935321,-1.33396582183828,-0.440412057668206,-0.691085495746525,1.19137561151215,-1.23419061029459,1.01861226640833,1.60080208369984,0.481714708569647,0.0168950736199999,-0.0327930208327831,1.38478709695893,-0.803233886599697,-0.703491935275061,1.42380086795018,-0.994324176943468,-0.306438371265262,-0.80034181080118,-3.20672194642561,-3.31674934096631,0.844708702479032,-0.818280344935605,6.45900642767798,-3.36285470141811,-5.36232969397525,-1.42775707587951,-0.898380222076355,-3.0610748051115,1.63803960253397,0.413668987165767,0.202656042591708,1.96616429102997,-0.0779343510667727,2.8324545407817,-1.33334383940427,-1.74302835780775,1.23190905001581,1.80290605487283,-3.08796470665752,6.37603660707754,-3.6887583183421,0.71381592910768,-4.11232315655628,0.481470335919901,3.67841403993734,0.35837712486027,-0.368371635179528,-0.09886164083083,0.123347476236038,-0.750472641088174,2.92278039211892,1.52414478745784,-1.63682200376485,1.12698704108167,3.26007568757288,1.00923246378988,-3.60247736722418,1.84309818328029,2.79549383421272,2.30348490246288,2.3002589846051,-0.873582947910931,1.57844742000657,-3.67397271308786,-1.53970020285294,-0.149563170085778,8.11406157979712,0.904631179113952,-4.79910074913123,2.36623794933583
0.575843512534476,-0.747606771142872,0.184352441706906,0.0367641553075901,0.465779869051981,-0.99121072684441,-1.78899158170777,-1.02097662596981,0.0926719136244826,-1.90284047055543,1.11558701777542,-0.493094378883808,0.00578168408652385,0.598730337753123,1.83829692382849,-1.10477041360614,-1.50252823969299,1.50543931413775,1.48284933306315,0.871667195535565,0.277320255128789,-0.527130618195535,-0.934357942063878,1.74068883032505,-0.134735059357338,0.332888182220923,-4.18616480177288,3.08459964825809,0.0580262237506946,0.250459492472589,-0.255024673716214,1.13134011766174,-0.848909989306902,0.532922979017002,-0.333001623122723,-0.309733447548161,1.14194169201519,-0.42628589092468,-2.22607850864371,-1.37157336483492,1.40942295512588,0.715766138471517,1.33388048035866,-0.993486621560191,-1.04296258975379,0.198393055275804,0.604566950782165,-0.219846181613265,-2.34515288140305,1.14895499510537,-0.939641203402387,2.64870365362929,-0.937557967578903,-0.962776233326636,-1.95005876265763,0.429471218376311,2.8576067487089,-1.89353096412679,-0.765259024190966,-0.976023110896866,-1.06663402881125,1.00641222160863,-0.848310047329376,0.699599096735042,-0.0315583622247648,-2.40525267055098,-2.72971288532429,-1.85442264197002,3.30006402863143,-2.74351306032691
2.73052796686109,-1.77465704788056,-1.00972658243146,1.09786470531367,-0.178543972499795,-0.740429825743611,1.0113493286446,0.39662012551069,-0.499357893925829,1.18432120559417,2.88176681061264,-1.66138347767558,2.00049042160684,2.14471310786744,1.8646475576605,-1.71905155766867,-0.673480943835743,0.367420666725047,-0.54573306473759,-0.726495650329174,-0.0130934090610548,0.972908114557471,1.24597983075768,2.65946985127879,-1.91592416295824,-1.18236204657652,-2.08052317778329,0.0737051266022106,-1.68777364700364,0.175071154749508,-0.794644949108664,-0.932006436547908,-1.23984286346703,-3.72757694247125,-0.27010134728304,0.342927900277821,-0.522468142764627,-0.0546384662630578,-0.47278088785202,2.73727629620116,-1.33851321195403,0.0351493181397065,-2.10866299264385,1.35761211375562,1.76191309586925,0.736684528785139,-0.575862300367229,0.657082716606485,1.47725720930777,-1.06085275086654,-0.155738231240075,-2.22931488675321,-0.339344505782031,-0.373940879196454,0.524052549837947,-0.387761922698143,-0.232505142925003,0.0349341559888163,-0.757258095831833,-1.5600836300203,-1.38631346427964,0.15990418906773,-1.56127338002006,-2.7996624344203,-0.0145484794138541,-3.64993526434989,1.17441206563918,0.793146330844234,1.2362986440675,0.0748126320246341
-1.62213800066868,-0.887303244338691,0.0846472239946271,1.15579591240339,-1.28665765270638,0.843280428282613,-1.00121856376194,-1.41141441047458,0.574779980451656,1.0303723465464,-0.695873561214604,0.139923412305008,-1.02969921864936,-0.684523026379742,0.732987585872786,-0.51956539785726,3.39726519136441,2.21721545849941,1.10757011043148,1.44490020346021,0.581340132221829,2.26502806769747,-1.82486487645817,2.69773686978255,0.871938665413405,1.33156413324101,-0.0461422512753117,-1.09494731661864,1.90751968071433,1.10463657094903,-0.256559849260265,5.10562586460408,3.32617643257501,0.745405029463761,-0.377703498388307,-2.43030827839795,-0.920859339265511,-3.76134802091936,1.16773162387713,0.156513277947728,-2.45816873805917,-0.461033751061019,-1.60671824709764,0.641392827163305,1.00372274230309,-0.2079153770224,0.373651535269841,-0.367770489756978,1.49467665087867,-1.13318836727301,0.661817306401169,1.68529585818176,-0.738696814257592,-0.76138023871795,0.377308213690535,-1.30679800381689,0.0173622217131665,-0.110764287036603,-0.532407389925875,2.68448122891979,1.60881799557575,-1.37584076397295,1.89910436800641,1.25239639250314,-2.29636725539307,-2.32279003757264,-3.93586887617603,-3.45193539621643,2.1345005350433,-2.0331960994079
1.54378754289818,-1.0623631776469,-5.60116028342657,3.00217143938262,-0.698506388957093,4.71201345708004,-1.1552277594863,-1.47643359269816,-1.00619366940889,-0.620993744319519,2.02220517184692,-2.01061576455937,1.79908208142116,1.36909102349892,-2.06437724039769,2.34861079113342,0.560507004311374,0.556090296022559,3.61955866853576,-0.309940883021147,2.83499857991249,-1.52885798526707,1.1634737758598,-0.58231810695302,0.751116968261907,0.1693779155482,-0.853338592001263,3.13776162577765,0.639477550834183,2.04921296139427,0.43257715987666,-0.182189560035559,-2.62854591828176,1.16878118231011,2.01428985295244,1.36097523160449,1.22475709031781,-1.53809045388894,-5.6148266418318,-3.04183120931729,0.944968421248291,-1.09003136443561,1.18285542088696,-0.851759152876136,-0.265192458261983,-2.01756670746356,-0.177643161169183,-0.530427708600824,0.234996376670299,1.63306851249359,-0.94194461474408,1.2938525366659,1.29816828160197,-1.51187929654482,-0.305436999835089,-1.21813044806387,0.0552386805206605,0.673554148441663,1.73142947620437,0.488295398484039,1.02861933722636,-0.288166780117952,0.220370636970896,0.955997576855826,0.55683481005574,-7.66614709043093,-0.607531679216093,0.368181870762087,7.29946788453454,-5.27476385448596
-0.0153301701415297,0.405456974548255,0.277849538693894,-0.879000554812793,-1.23640517816605,-0.631206332240194,-0.311211235983122,0.654642135288294,0.21006436812866,-1.3789674604631,0.750847068008987,-0.60423701072476,-0.589974930870986,0.818823750719268,1.43318301751185,0.0457888400356354,2.5641106622881,0.400175924206845,-0.127007192823787,-0.0886681832641203,-1.7319176328727,2.7179871127765,0.728893606597213,0.622447795866315,-1.30890674036153,0.324199299064661,0.446533009262489,-0.946772562475393,-2.57719607548078,-5.3746380494747,0.764247672783874,0.73918701931979,2.19838902412999,-1.86356013727269,-1.01273644272255,-0.582916870604082,-0.53916634041258,-1.23447952244122,2.84812973867272,2.37081692227057,-1.16666203761132,1.82199825782588,-3.32476048419854,2.33331722621706,1.40264526093157,1.44189704977264,-2.40828469859534,1.07101312417512,0.769479187607047,-2.88586259830599,1.09829575652549,2.18809092667049,-0.634650327579755,0.467855167014441,0.67467660248616,1.15304596836175,-0.257758409049834,1.13628578157633,-3.26271974705808,0.139074661383989,0.77110238433042,-0.777703030608239,0.552891992404344,-1.32347925377432,-1.32741435022646,6.11173289961952,0.125069033632309,1.91686180516754,-6.71565595802171,3.10051190575166
0.039331524885591,-0.448145539701996,0.173008482549599,0.776954323874574,0.830199576581637,-0.390148613151453,1.27571842645514,0.154022033190758,-0.576308861813565,0.321922576382255,-0.84028372191549,1.2915569483323,0.788766849506176,-0.546519275872965,-0.0562842383774554,-0.393930512365917,-0.96817057878012,-0.298378844741386,-1.69491862437092,-0.445420013898437,1.82261586745862,0.013736597446094,0.548160845228427,-0.971118047571384,0.412009879465707,-0.213332406802766,-2.12549393918536,-0.153921191123701,1.6858185121328,1.17586174535263,1.44771542149251,-0.271914350313753,-0.830729925169961,3.9675032566658,-0.197330715557887,1.03071372434683,0.705018475814002,-1.11685671348124,-1.97416579494244,1.17682370722016,0.125964773139958,0.469668821438066,-0.45983966061786,-0.298697976362977,0.795419688752367,-0.634985277717311,0.366232104458161,0.21308029401098,-1.55491607115756,-0.272629780743147,1.15368066994975,-1.23400824699407,-1.50787664499666,-0.61232894220497,-0.175210486256903,0.644376702445897,-0.852716001417443,-1.09626192113681,0.939277641466531,0.277527648156621,-0.132012959934497,0.297000035374306,0.652755185724785,-3.19710281775847,-4.13699768501278,-0.533212758014022,3.12904001926531,-2.08433056233875,-0.0487946516991823,2.13279950843904
-0.5483452291845,0.0189100509481836,0.0587678184782067,0.00712451606995135,0.806662224038157,-1.56053937731335,-2.02487130319387,-1.20847805003222,0.873229145070771,0.789212176245229,0.287376441589333,1.45703487234941,0.419653872344844,-0.42456101273394,-0.116487643748514,0.957833899519626,-1.66121147432986,0.552545248813495,0.694720897620479,1.00154097406083,-0.633700199411953,-4.28156501911116,-2.39484295858358,1.42235347518706,0.956206285370777,0.802662564912292,0.244024609678801,-1.24060676890171,-1.31531000526933,-2.46086737338378,0.146141838831829,2.53685648493628,1.73614457492532,-1.14104051695743,0.796693699294325,-1.17524175155741,3.17990502320952,1.99516200187243,-0.414442890186602,-4.64560359498082,4.40942181877321,-0.601428201000069,5.76764376831075,-4.08853922325564,-2.87529667267029,-4.19504792598938,3.50265636931478,-4.12479366163492,-3.69059358596863,3.22500217098318,-1.99969366705954,-4.57939972141712,1.13963158563198,-7.97645828370785,-2.79284533655691,-2.37579480524385,2.41575921576665,-1.6498170358401,0.174358340161042,-3.61388454441005,-2.87908042962214,2.09578235424731,-2.76089126672006,-0.69675267352417,0.854364830947648,-4.33592396470233,-6.29587740872339,1.55663165374956,6.6836710336242,-6.00807086303166
-0.662511134764656,0.124276975972037,-0.236708946362368,-0.438706322319451,-1.64241749202384,1.25971599767515,-0.581263187481793,-0.95306868392245,-0.42238673041433,1.53272214298566,0.450951641005996,0.78154788129506,-1.5834796755125,-2.23287312927988,-1.46247490906333,2.38829492133058,0.31295503462754,1.20962397176893,0.550821135694436,0.647015484354622,0.149486686439846,-1.42160455862164,-1.23045339494317,0.980342577345663,-1.29392910021673,0.110249589583798,2.74572646718009,-0.197452139030755,-0.758528375358914,-2.97963158864423,0.971161203042283,-0.533858212878465,1.30389968003849,-0.37994353485023,-1.01949952000921,0.781358172500555,0.736685276193788,2.1535161133436,0.699798897865952,-1.30049590533738,1.94786027040211,-0.526031124852411,1.9221721503594,-1.81883257077282,-1.95938816015502,-2.14518900732016,1.65105933513529,0.665091009413669,-2.64149074001491,1.38508157384213,-1.30127720763672,-2.45000240942192,1.2937574739348,-3.90119310597707,-0.743480677966975,-0.239312988243554,-1.57316111594713,-0.715363330446322,1.01930372577675,-0.988609065661995,-1.56200688625027,1.33852273225385,-0.679906794924742,0.217022294107078,-0.740398090047334,-3.20278910080611,-1.6204905229675,-0.908866548489236,4.05046864825871,-3.53503818919725
-0.61695049172953,1.41833760754652,-0.0947540383707559,0.042724783140365,-0.268994266671167,-1.95525344344005,-0.662218886756278,0.409408337131423,0.820550427267497,1.07188568187058,-0.081298970439099,-0.70392572638611,0.980430603984499,-0.705845904363479,-2.57758831733674,1.0072894381386,1.18800871198581,1.38890928225029,2.74267687937812,-1.04086311558294,0.962450866453978,1.17310681518134,-0.458122650267512,-1.69310157966731,-2.48890233223213,-1.23608931755551,-2.485248848315,1.42115238405014,2.14004240971836,2.58166526888665,0.652751468113339,0.652347177262317,-0.0264204743849982,-0.849440610966367,1.05906429847267,-1.59407265333174,-0.410365589206317,-0.615550386410607,0.306988542005037,-1.12424532727517,1.64367780069814,-3.12210802628901,-0.639857298792229,-0.636430142916353,-0.274681934931021,0.317756148883209,0.614579676204753,-1.82304042146914,-1.03605527140582,0.0628978966889422,2.13890281644361,-0.904843541972099,0.276076253233481,-0.537449695465899,0.829182526093622,2.26852163027915,0.210996979340203,1.73247441946546,1.21388841539749,-1.59706328943209,-0.931055545054695,1.2245801128911,-2.32061176634603,2.50485198610916,-0.522570020537785,-3.37403773872932,-2.38763387876727,-4.09809830898371,2.43926855645498,-3.97279537135303
-0.834292588428868,-0.445011997320049,0.0730909508800286,-0.532126880414641,0.650896525420096,1.47568845242794,-0.420770670458504,1.35693946435956,-0.0251996230492774,1.22331434669772,-0.808176703343521,1.15519529943191,-0.188736133326437,-1.06737671763393,-0.695364534531784,0.940987001916571,0.0431322569463806,1.44422825193295,0.81622277584131,0.789130719321858,0.17673822300963,-0.980229295516448,-0.49355600566902,0.103528113390674,0.349513954352374,-0.0727012003852782,1.26947686403086,-0.0946236052357921,0.154474021229429,-0.54390479162401,1.50950367356148,0.500725307477395,-0.223271240907567,0.647695968962992,0.10155206028089,-0.0143418193329015,0.573517702262126,0.59779431066048,0.291384881195884,0.266304645097446,-0.0989886244244408,1.17536709271528,0.249248520759299,0.700418343366961,-0.623502274914716,0.313322205238968,-0.13951464181379,0.282324506610598,-0.787480300830176,-0.795638541434998,-0.746430200763867,1.78635320022972,0.353855493433001,0.121881238835117,1.45800291060991,-0.616966862195796,-1.3730445162006,-1.58866938390429,-1.57972623104316,1.97159827357461,0.476571193516003,0.460714129539068,1.87472955151756,-1.63707000955088,1.26447341343775,-0.0660374733638803,-3.31998718622405,0.353149652841185,0.518181614202028,-2.29696572010971
1.16326953947116,-0.0720410794757722,2.0737720579759,0.337436758611795,-3.56460993590178,0.422691634428018,0.415928868950654,0.325702925696446,-0.0504992217724732,0.0775385984022213,-0.0606837737889242,-0.826155154315716,0.92668138577208,1.45615519341972,2.72757512161427,-2.6990766350529,3.10103729102067,0.639812573837747,0.342482988432155,-0.700894137686448,-0.622638160775382,0.433145184593184,2.08200936839365,-0.773235726457284,-2.29372088670862,0.430199880948585,-1.52343665410377,-1.84010724909052,-3.32616868830468,-4.13681179036503,-0.211640524001665,-2.52416616154906,-0.636653069453712,-1.6039023648012,-0.521964520625312,-1.39265580278912,2.31411628715447,0.126953414397608,2.1533384559217,1.5731954954163,-0.506682210585003,-1.15672096055141,-1.82910929843518,-0.731493831932981,0.761218673663647,-0.9257578768782,-0.254899743955135,-1.08255576835968,-4.63482288144535,0.601400717206693,-1.24092800503647,-2.67064980449882,2.86999339007266,-0.308874891817234,-0.771850463574393,-0.367105678807905,1.84147611003278,-1.45817918632469,0.104554483294659,-0.591695463557216,0.57737206583893,0.144617673235101,0.905628328601515,-1.08568793379834,-0.353091091096019,-4.11383535224115,1.72858675668934,-0.0141938911923604,1.62084254459631,-0.54558248458444
0.146313613130766,-0.338442417406635,-0.0275863747393143,-0.647183583749031,-0.257554013153268,-0.639668821061716,0.90545303457095,-1.05785838335244,0.603113345583154,-0.0515963886446862,1.24008042165208,0.911990618122045,0.443492456464352,-0.940883880719325,-1.41566003663105,-0.815730253502298,0.478449513576125,0.637468502615807,-1.8838281953544,-0.905386721389117,1.39724531116599,-0.241754949451077,-1.43066221113228,-0.48874459540472,-0.750739047842908,0.410558027809854,-2.62316645326695,0.505619526915377,2.41766507033655,1.69160987318152,0.573574684674681,1.32569066976156,-1.62901781451127,2.91528592554979,-2.29080551616699,-2.40766066390095,-0.168207093341491,0.967322318198687,0.560574514448585,1.26015369785716,-3.08690755638305,-0.211045380025027,0.944860867298332,-0.584332915476573,-0.50647309895412,0.123177515467798,-0.590504478261246,-2.40440699924216,1.36596570219543,-0.0793288838369176,-0.3094127492711,-0.405278995413738,-1.20598989817522,-0.71885223498604,0.421103171185418,-1.09043353493658,1.55695975457097,0.941147100047276,0.676542445762923,-1.47338382942217,0.398942501209474,2.24152282380127,-0.272637623294223,0.945740289711373,-3.17331403661095,-0.523743198430946,-2.86067503461277,-0.312353336015013,-0.379632241564511,1.44783604702351
-0.639280460610672,1.26755560705126,-0.359316153388793,1.05367439155437,-2.81166899103347,0.512050806237117,0.136463633953872,1.34058805717333,0.906649842791205,-0.554356025356092,-0.695826125735084,-0.549337108242277,-0.592983914077852,-0.110512060461936,-1.44366624764916,1.8179081544391,2.20329559661145,1.46979165994152,0.430408987393585,-1.29473120078893,1.45091127097845,2.20665629702491,-0.772413301541441,-0.831549730700767,0.445680615665144,0.520446521212409,0.791559997327111,-0.363666507890095,-0.239602240823152,-1.43773287892767,-1.36282035849818,0.623363319126775,-2.99365212567274,1.43251886688406,-0.178008483197698,-3.20786859621801,-1.34467861364509,-1.71327779446826,2.63256273793854,2.04460399207235,-2.32372982139193,-1.69450218590859,-0.115855851312034,0.31827191355539,0.254915223021903,-0.096072351873711,0.0646556403378384,-0.490235135356194,2.31150557442501,0.0859542957515636,-0.525027307649147,-2.53930630267947,-0.04113128961799,2.02753107446266,0.38319526224489,-0.672307823575604,-1.70829647158205,0.269955743264011,1.96071438221821,-0.717365757537955,-0.00492969039786406,-0.152323190069271,0.785983483967669,1.50198581084249,-2.3922294912284,-3.10815035150823,1.08353937850316,-4.07854335650567,1.32514391414112,-0.228693876499295
-0.0505049876287383,-0.928798805148085,0.0193884413721441,-0.397078402297758,2.20709833615069,0.0818047565580356,-1.12112750975227,-1.02365096504584,-0.817506580756523,0.499975126880052,1.0072265854537,0.0303079843331093,-0.463167115431042,0.69480404932075,-0.378710275859331,-1.98171972710811,-2.88041923491972,-0.325848366847359,0.818766844978518,-2.99463346238671,6.3023722023128,-1.82373220915304,0.49935828198904,-2.65607160297289,-0.0869326451758612,-2.95788905051483,0.710938388904543,2.24932497863867,7.03158458629523,5.4570082597583,4.23250169531777,4.44405756986308,-4.38355603166859,4.9288832206947,1.18818456580651,-4.23919656160677,-0.078995278491228,-3.08529346824326,-4.44242447130418,-0.872498487218854,1.49091888621104,-2.90296856973863,1.6671862631138,-2.02578355676619,-0.325913441265593,-1.62122452363893,1.27314365580215,-1.49693560996841,-3.27812826674396,1.33424877888564,0.910058201260737,-0.886266860301052,1.47820895082205,-1.28485803190569,1.17693955069906,0.835389488599019,0.186356009327236,0.191801953918202,3.44078046355129,-0.318433806651499,0.00776977138576959,2.18169280569255,-0.131272304201675,3.25470858766914,-5.50558435130513,-6.528414093968,4.5240000511965,1.55796445324285,5.17832973335664,-0.870982111843266
1.11350381716829,0.487155731694753,0.946532077335601,0.248663187241929,0.916527347482802,-1.32718287204752,-2.24537588327065,0.88295510025074,-0.746526592692121,0.776728479009652,-0.0548239577684863,-0.865722550237239,1.4626099243726,2.00886978595324,1.10515051286193,-1.58598143690513,-0.735009913881506,2.33171567605719,0.958187334269049,-0.97645173517439,-0.271573367474341,-0.0785252810512264,0.974877936463679,-2.09090368776666,1.00181796045162,-1.86254506470389,1.41071119047902,0.764968159089253,-0.848600388484437,-2.10951781117715,0.219743039561124,-0.271909674946892,-0.552473721117568,0.688503123971407,-1.92465131214426,-2.58207403788654,1.34717587636923,0.709209244719493,-2.26910580324988,1.84139271668508,-1.10367309996115,1.92997056338961,0.502637788860847,1.82528376449885,2.42999215552115,1.97092744628425,-1.7899744586022,2.50564203480658,1.37345319536668,-0.118230719397073,1.15613361367494,3.85464782364571,-0.120900398877062,1.4595517909321,1.93769534651227,2.02124256735478,-0.543021185085834,1.88872554047357,0.418563680526851,-0.256153270759328,0.429963201200087,-0.814011473601858,0.0636420312694063,-0.730323998167524,0.732792738522122,-1.50116204608451,0.213982570779441,-1.36727205882055,0.286118032490122,-4.7156669924535
0.310375509444657,-0.650280989083884,-0.363355884264476,-0.613652461728706,-3.8423009989608,-1.26259508574036,0.461116348413921,-1.26435326603411,-2.72746464512517,-0.318482449759929,-0.67789277825626,-0.0658724955330053,0.591402598483758,0.282906163854425,0.408495605473359,-0.221006682154007,2.86372396671837,1.26680979238718,0.0145293963492787,-0.118256795589903,1.67225308131,-0.448087650138218,0.621430622254363,0.213045408857722,-2.27750384266518,-2.70755480373777,-0.195286215449779,3.47846010861497,0.770659209323867,2.60864173679772,1.93748888475312,-0.200794793443585,0.226269538186601,2.61258488113132,-0.754062883773308,-2.1161300814802,-0.150046113126239,-2.2150755480006,-1.18018813650357,1.88103067511301,-0.92792880862376,-1.97352811043763,-0.109744448679739,-1.4591561225097,-1.78200101746138,-1.68975873543448,2.49530695950182,-0.140808557316181,-1.42768374657311,1.17677620766642,-0.83711597104651,-0.539876019857297,2.01635602020523,-2.53429030145073,-1.94891890266313,-1.27874447813239,4.46166090604954,-1.16921904173617,0.541209641521213,-0.195341083373073,-0.253876937114142,1.27332995202022,0.602887841139774,0.318301175103749,-2.81510475180499,-2.56612492069663,0.447677625748577,-2.29957253799823,2.39507099974539,-3.75595443694693
0.020131997088703,0.0477324731396593,-0.579863642504946,-0.726268000458752,1.30537348561037,-0.111374653464656,0.921123466987832,-1.21332727314165,0.186273540730847,-0.732973759527496,0.0143597511184189,-0.0908403143899036,1.24740967572568,-1.14230534533447,-0.536726620437505,1.91070793846522,-1.870012424445,-0.529485997966081,-1.67233762108065,-1.10762071889959,-0.985782440537045,-0.729302163415868,-1.17713397908457,-0.0852611775359583,-0.452502833612072,-1.58559775607677,1.58860583206621,-3.08805715157503,0.863258428505127,-0.0320787516589524,-0.147363360789469,0.00124768875296175,1.63583904077543,-0.773663356315882,-0.481249918024153,0.157128332703775,1.82514974174057,2.65278621961636,2.02510286667483,-0.266645635832893,0.722796220709108,2.64626914432611,2.08029292937325,0.974208529798368,0.574307756040021,0.531772007460802,-0.400391727787538,3.67642001972266,1.58073596988706,-0.201990997956824,-0.172069044527444,0.100245146372755,-1.33952588802926,1.07479698437252,1.76325274563381,2.17022572347692,0.114288044644106,0.77091425288902,5.68059004385087,-0.689380024819228,-1.66702700869465,0.880569787599792,0.434937530323407,-2.70312127224063,1.01780270973328,4.56249648099234,2.02065630105906,2.12775031606736,-5.0290124265939,0.557086651930493
-0.00329268152390812,0.0958800314524597,0.854669324680097,0.319814141517924,0.888238778063411,-0.212807251509336,-0.6828396298818,0.538567813085838,0.53018666007023,1.13298399729239,0.42615026389198,0.153978023018788,-0.220202583363844,1.14136971210153,0.554733693453263,-0.814915271958766,-0.118813777879899,1.38314541747652,0.285562144249529,-0.899257434822822,2.03146033418343,0.551957794003675,-1.3620278684104,1.99601407913455,-2.109572381154,0.494952976029261,2.9239382853421,-0.0573373416094642,1.00067167940647,1.48204181307717,0.97069247691788,1.99865818196355,-0.392841644528834,1.55197469582936,-1.50087252981226,-0.505771208240043,1.43050892950343,-1.41910082615034,-0.049660871948857,0.119267843010194,0.539536099476068,-1.89454195688784,-0.67000375239634,0.185422185639711,-0.276001380987623,-0.56128092444854,0.07239161522755,-0.88552530787423,0.334317613521622,-0.148462767472376,-0.858049386589848,1.04718311298966,-1.83453814879238,0.926090432339055,1.45672030674704,1.38711120004464,0.705051647240298,0.784432644949783,0.0639881842175037,-0.154089349454168,-0.305795027676947,0.575937467112463,0.303478683564026,2.16871640768752,-2.47630976134632,-2.4220806691273,-0.269416852627747,-4.30975295488367,3.03771388480363,0.568926212453676
1.20784887716927,-0.349459524259944,2.40480577383596,1.22845808388278,0.632123316034364,1.2158452664794,0.489687668326876,-0.970835242494639,-0.0868781317454254,0.406130964668645,0.211878756053014,-0.187409025557895,0.897990426649997,1.0960553429025,2.7609958951942,-2.58458759569437,0.315350767213391,-1.22347068957999,-0.0422244484644485,1.9613011495974,0.93390124217065,-0.263895356023388,-0.935217585922036,1.60957137529425,0.284618052737813,1.21634404393438,0.280460150399892,5.19172117463663,0.432024611752982,0.153378133801876,0.377525379192014,-0.813229330579582,-0.76340517453336,0.95149338006085,1.02048612522969,0.132681125495008,3.03553331573708,-0.71017314130407,-2.29087521548735,-1.08272613346911,1.89155342431682,-2.01265528527582,0.935032005787712,-1.33606940445553,-3.15413071489907,-0.467364091626869,2.0767981977833,-0.977624500381086,-1.87035407539974,1.78758442678344,-0.737319303789815,0.00526505479111883,-0.328880099908613,-0.49348682945391,-3.07821720909856,-2.19641453337802,1.2742842238356,-3.02270589416558,-1.40374022832247,-0.588797281369377,-0.915123345810363,0.704982223733855,0.610938809100978,2.77180560050656,-0.353552034913623,-0.306599196892433,-0.27733123072902,-0.540205194680688,2.47399759894932,0.240398150111337
-0.370919474518255,0.726935231154818,0.963289793097665,1.41900946219645,1.81937037883166,-0.328131588274717,0.343691727668249,0.0300899634447221,-0.742398674300474,1.01741440208805,0.0500702767466246,-1.20180396476877,0.00337637480999151,-0.0560802883299736,-0.763922955147428,-0.0312087807202248,-0.829358806473769,2.45540665935672,-0.490160162265509,-1.69246711467405,2.42211853990526,0.687304856966062,1.6184936411164,-0.428823853957373,-2.82874790744747,0.875078186171667,0.790925007882715,-0.388207898121404,0.0874206092480574,1.98460588800526,0.468503131471619,2.5370467178253,-3.18258372813772,3.59317906408305,-1.90707419967222,-1.46569598056605,-0.903758244793626,-2.19861666219736,-0.51230405276731,3.82154987018912,-1.21003024887511,-2.27950930305116,-2.10646690551648,-1.44951384633325,-0.1895510886329,-0.503623989157479,2.00794148421952,-0.923574467994933,-2.76518787145735,1.45741123051131,-1.41921524901584,-2.28351270871015,1.12778517480404,-1.16425062312271,-0.410056717358483,1.17595455905289,-0.498747120850525,-1.04440997342548,2.71842872468981,-0.089933520331035,0.0126666214791289,-0.324054508638792,-0.247801652620818,0.760551953582584,-4.52415973318219,-5.52041252714946,2.21554230871853,-4.63368825375142,4.00793636592137,-0.638149847544526
-0.351770014997279,1.06327889961771,0.406048663922099,1.07278074850932,0.983398417244762,1.02943171932996,1.13471489898159,-0.862813309106816,2.91425302370755,-0.9881200642132,0.60578943848323,0.52427823217621,-1.32517032228998,-0.606628895181773,-0.0179677088715098,0.437482294378209,-1.45623684490888,-1.46122921260191,-0.270453635566592,2.85063635566135,-0.878395313809205,-2.13213428587158,-3.77956115382291,6.20227904210542,1.60732741009009,0.788711941878033,-2.37852743759355,1.38310235466918,-2.62080726108021,-2.95929691062917,-0.86621203390629,1.16944091062413,-1.64861185660246,-1.72764443625391,0.991534846125545,0.019449984624767,2.16805258595051,0.598620545407527,0.86605324255652,-5.93966038083786,4.86402288533211,0.786293403207207,3.16296292861226,-0.00612313910491269,-2.89704183642548,-0.926743107164441,-0.457736650933792,-0.954336839687045,0.21835354651941,-0.119236120414928,-2.80350227629416,-1.7442351293598,1.5561917177395,0.654571024581705,-3.9933252922562,-1.18623037340859,1.81901977191801,-2.48450195630948,-2.96922329698344,-0.497899724118592,-1.26225558207144,-0.473073336608579,0.982262228913445,-0.81110586403171,7.26541261748106,4.21596737850516,-7.104235854447,-0.745308643543439,-0.455798178005489,1.88044319044495
-0.936652130277022,0.078954718633391,1.65765406002214,-0.657715730386659,-0.848329019833793,1.21107496923654,-0.659048822782058,1.98986552485545,0.29781201092311,0.785123842350572,-0.727588597254054,1.11162296763832,-0.524973912673998,-0.956172834979397,-0.962290990367205,0.391410520798568,1.71558967807046,-0.519789263001504,1.7778918519115,-0.62301337417808,1.54948632232858,1.57335442293533,1.82152842682742,2.15410065839789,0.914431867712971,-1.07493535165876,2.45075033384837,-0.380679143851402,0.511767546157051,1.29985365137965,1.66562609940948,2.17076084916464,-1.77358220111806,1.81249025730031,1.84542756204339,2.8414135996335,-0.630039848217521,-0.953416224496178,-0.105943944458576,1.08660394127339,-2.57426376535943,-1.64358726091823,-3.12962882664146,-0.39786876881103,0.968840890554543,-0.224664388254037,-0.310289634941692,-1.73973172678092,-1.28130714881173,-0.370050413953605,0.73595579195232,-1.16571208809788,1.13102646360167,-0.43444734020663,-0.292436968750096,0.675822805613799,0.0484908122869685,-1.21636263914708,0.470327184677738,0.566792117493282,-0.306697529617692,0.307189231631691,-0.190121475054793,3.7179459665602,-0.549177016136813,-3.34661211966057,3.73856230686389,-1.7085248474749,2.57004846094254,-1.36604845888045
-0.786828192084139,0.592649670303148,-0.180274889601655,1.04508549182453,-0.648871490442598,-1.04999677828141,-0.724164236518393,-1.018183868598,-0.298155073953401,-0.468978533345853,0.0142709895873148,0.409176358488228,-0.98050702971241,-0.551291030138717,-0.970493233191557,1.05944225233788,0.523500312649925,2.55179335252055,-0.780447407713565,4.01437332369447,1.13248149669885,-0.674391980087287,-1.25911468503323,3.2597389112392,3.93728301060859,2.0383783617852,-0.0640315579404602,4.86760916293364,-0.0800909596221594,-0.276491626695942,1.06625149262523,-0.177227032363952,-2.69841621888475,4.1746468358253,-2.02591121987257,-2.20271552724248,2.26540537889209,-1.39676245468948,-3.64970778317287,-1.04638204963199,-0.472436886425642,-3.18508904557083,0.803499900563031,-1.1916005484487,-4.32958625369985,-0.949680202781359,-0.0266056492325148,-0.327832237395431,-0.588371170734491,1.05238975600152,-2.02579815340069,-1.34462093439708,1.8827477257804,-1.17803210889094,-4.91103657991406,-2.9444047137532,3.07905780520714,-2.35424998406074,-1.75599867713915,2.95759712413107,0.512002808790245,-3.56838648829386,2.29284831839877,-2.97741147750901,-3.0514848713909,-1.0536607985617,-3.72868220526536,-3.87577565187629,5.81129184026205,0.322297626409126
-0.00443160869671174,-0.504771211296849,1.41228886685082,0.0520305426301734,4.03441982429422,-0.8374541886719,-0.502716362054665,-0.221783581460961,-0.850231515136536,5.70058193618359,-1.00501915814544,2.54316602639353,0.554732338066966,-0.74655811541532,1.20275368972244,-0.740894072901836,-3.34508664905303,-0.703467837208917,-0.926878655834978,-0.628105294427044,-2.19926137597957,-1.96624580694131,-0.787829047974375,-0.735673726824255,-1.18198487576576,-1.04091212086178,0.165270362121215,-3.13326263928445,-2.83081756786153,-2.26739516760434,-1.69851489514868,1.27381258923336,3.35230733642211,-2.66610084762722,-0.329445582379274,7.6965735729544,2.89802988820327,3.54109973356641,2.38835252360187,-0.748518158170889,2.17498899646668,2.61387234751987,1.09679970484623,1.64242010108447,1.63143941515199,0.64938804164685,-0.52668702363727,-8.10893028121084,-0.0850366256800321,-0.336508392699919,-0.522530434491954,3.01801501553187,-0.387679543547222,1.33451316825766,1.29849469487429,5.5892856613557,-2.26538542484382,1.00592338481876,-1.17565137799348,-0.954569110750786,-0.0757941930041031,1.58516128826071,0.0567500010972618,-4.50836638632289,3.69492450934339,4.80210358890223,-2.76414259252918,4.77217963599063,-5.54897157302411,2.79907750445595
0.490852388281575,-4.47704440656369,-1.1819482668855,-0.0519438569135559,0.905314921017341,0.480999157047102,-0.379655809738887,5.87909305073801,-0.570936776518422,0.930194948098535,0.437735862164173,-0.494961204917606,0.0970320747006604,1.09764198773427,3.30685071196197,-3.31578571039757,-1.41365945027477,-0.21574894349505,1.59996543237456,-3.08228942296501,-0.538850736985271,-1.27401075676804,5.53308795855215,-4.27391505929319,-1.80739965938079,-3.61009975026917,-0.137161748820861,-2.4404250163166,-0.921273845952558,0.632869823881329,-0.635318706833602,-0.425990318476226,1.42300997286437,-1.60316613311972,1.07721671973036,-0.170650742328286,2.12442291284182,2.7990955986366,-1.99384679973224,2.7269346838623,-1.23147090096365,-1.93045760371649,-2.46314672312413,-1.53390160897047,1.22428413108654,-0.809427031137728,1.7973233124796,-2.63712837231041,-2.11266107476151,1.02081544459513,-1.91144475196293,-3.43739177659298,2.34152723805893,0.120319645756869,0.531282534095588,-0.130194292559338,-0.495805875757641,-0.254028294775517,4.30055302762165,-1.65481598359192,-0.797870497924079,1.56656464720062,-2.32270359354398,-0.629183414634996,2.03301111957785,-2.92739452857641,3.27296243057348,-0.50117149113933,1.36242149298024,-2.69206690237008
-0.934861797254612,0.0387277408494515,-0.781188721652668,0.782414869939682,-0.243456939276639,-2.72415931266136,0.547932185903422,-1.45121312122321,0.43826355937826,1.12027316887122,-1.34823753844668,1.57344816316621,-1.54817658015781,-1.79309809186084,-2.04026965691348,1.32440754438204,-0.504619810006395,-1.23630472262351,-1.6586830772847,0.198488342615589,1.73178247683571,0.496591520893998,-4.5147906013251,1.07381610527669,0.744182722528876,-1.129157888888,0.730607687784493,0.597488917648941,1.09581529565551,1.24409148524618,-0.086094280112919,1.52983228363871,-2.65324997861445,1.09193137615611,-0.907056779233898,0.529770999975202,0.358769420312205,-1.84074923048287,2.47087609795339,-1.66189933438729,3.30770645707978,1.16397466868045,2.56864031201194,0.813135316159826,0.0581838495602703,-0.342421716965035,-0.283201638402342,0.603841932656086,-0.317101862725333,-1.26099210387575,2.02498928846112,-0.0152853379095464,0.561392217813282,1.44527137818437,0.71575836379977,0.157246878989152,0.853170551433536,0.508766829468295,-0.632074558212248,-1.19291423447315,-1.47656738569381,0.306950391316598,-0.270155064426842,-0.43581879899052,-0.103209480686025,1.50299446609236,-1.28187805998724,-0.646136271158736,-3.35858952703952,2.54441551929503
-0.665227825158852,0.805133486710986,-1.13857929864707,-2.51162032944795,1.47430797477136,0.104997333278486,0.0885520691650536,1.86671183775763,-0.736358837037271,-0.118596772082892,0.686927616974088,0.451953959667069,-0.697776586048492,-1.78963641239923,-2.88301477430428,3.46440590463861,-2.20682819154498,1.60313707571814,-1.08945818138296,0.946765528874576,-1.12778895771015,-2.14168977922198,3.24752621093473,0.537252984191539,-4.15207084997067,-0.256287386277646,0.492819417169441,-1.2760654846083,1.11766248170974,-1.17581165540158,1.27356171818203,1.8581958928663,2.96441801911791,-0.270823073493885,-0.939452961370616,-1.90006942878795,1.17561287342027,1.85574575584866,-4.37041387407821,2.87217794235032,-2.2243073156861,1.75344730748502,-1.37146082375926,0.111304593506608,-1.053236555057,0.579682646889257,-1.17208445221575,1.35562256242196,0.533185556224427,1.16514706823997,-1.91844869348666,1.65680166312418,-0.206525872746575,-0.64024632466108,-3.83866557239945,-3.08553665544972,1.83751101735905,-3.27302696764669,0.458367194089366,3.0927072807863,1.57916969151416,-1.72970461333791,1.83979972931873,-4.53586813699041,-0.198761964536485,-0.996329293725087,-0.593210548085323,2.04444911622407,1.78422571911573,1.27009186391988
-0.114444371948516,-0.234932820956229,1.40042219351207,2.65194579775319,-1.73087313263458,0.548886233292268,0.0659647457518662,-0.142795679767714,0.499720949161713,1.2958899663966,-0.469584020852048,0.229561853672887,0.268398600184128,0.65351391561753,2.5347344894242,-1.99039441316515,1.61320058742112,0.281645735983661,0.217038730809383,0.96884841605449,0.902218204840081,1.22118028686551,0.333810985345535,0.918366864978486,-0.160378401171426,0.430808499588492,1.0499913747048,2.81531684178315,-0.595996063426852,0.907138737296456,-1.91989237050221,-5.20883821726545,-2.1643564884026,0.692941090287175,-1.65619543977465,-0.490015479118291,-0.464787209762097,-2.37996500196778,-0.317184796995601,2.24950917469819,0.0728654578968575,-0.923632087021573,-1.71118402025792,1.15438199780495,0.398203373375188,0.642424849593251,-0.197009502433251,1.06268547319405,-0.825421358194801,0.361502088144124,0.838963928112937,1.11147460614073,-1.90387141839947,0.676407818958867,0.252534291411324,0.303252641933496,0.970279623690695,-0.121300656447666,-1.11699018640896,3.03538821612982,2.99603693411033,-2.58584263484217,-1.68290594670269,1.32564146510262,-1.49966779418827,-0.48476958539958,-0.778247799804498,-2.36344414338349,0.863238102698486,-0.533459072328335
0.310811586594129,0.439255666853733,-0.286020674124648,1.11562006790793,0.600737447245888,0.728113559630972,0.832569308241235,3.38162777168054,-0.461309563937982,1.60567109878269,-0.145781925643099,0.00691894284163472,1.59369190946864,0.251926306519027,1.01686359460921,0.566446594495901,-1.40714315940695,-0.451681641992067,-0.202686723239209,-3.11436961351716,-0.234644714206542,0.302818409106391,2.44092874467051,-3.83117576031704,-2.55054076845225,1.13157924389521,-1.30760956481205,-3.04942419883667,-1.67724042355844,0.345513207355753,0.176898071302618,-3.354789960278,0.369706941993517,0.199212601005266,1.75502284048264,-2.50585620586478,-0.813622679157829,1.06068589708401,0.935886878556968,1.56024821164584,-1.74105755499527,-0.672983607654273,-1.01936043371037,-0.157276146161552,2.84700862364122,0.850191902058902,-0.710183519676263,-1.45878887761823,0.737379512969777,1.11526765060833,4.55721601268062,0.0972874548642216,-0.0570256598617771,-1.13993015272473,2.57832541217129,1.53468287975812,-3.23122582396785,2.19998562066278,3.90233749586825,0.544051640494639,0.197779843052201,-0.578246239810182,0.131877634302499,1.75395668106764,-0.718515654197863,-0.859787319084608,5.29302249067161,-0.331828118536657,-0.431062432883687,-0.816710073002011
0.117865358436898,0.0541836070836656,2.12294700643401,-0.386880692777713,0.0258478091046369,-0.806628631909701,0.73000175700212,1.00306589162555,1.28479866852481,-0.926462154412406,-1.06244736592141,-0.0240188792640117,2.34791609048554,-0.300723096003861,1.98424784002528,-1.47409818533412,-0.834865412884166,-1.13803621844015,-0.972177241410041,0.426125519589808,0.139809713198531,-0.987607587676367,-0.743752243163812,0.342690088717649,1.84882714265809,1.73628257414211,-1.44495276491046,3.78749283202744,0.480029443418178,-1.4419717757187,0.186778098394644,1.52162239331838,1.02944529503537,-0.0792392627154507,0.98069912340796,1.40311219303898,-0.282807816374761,-1.16063012465713,0.35763881234618,-2.59544315484659,1.52450376571576,-0.642188015866898,1.77194509243801,-0.531227472180826,-0.931920496438565,1.90095961517746,-0.834331209668688,-0.865494025253075,0.457691950121959,0.516926336528772,-0.796031316135798,-1.15813397997171,-0.678244466968793,0.159689387494068,-0.702760669967937,-0.655409120856065,-0.840958718456718,-1.27252337806072,0.879630428449574,-1.32509940569296,-0.142622103549317,1.25348574155168,-1.06661613211565,-0.810408932668666,-1.11240736853844,1.05764508124024,0.710676822374387,2.08684907691723,0.606627598742351,-0.999499897964987
-0.667897961777766,0.0680581397623035,-6.24503862964122,0.0229724865503299,-0.549621221470004,0.521051680806627,-0.0114367820096043,0.00937581602669981,0.976505613463901,0.644312918516484,-0.725225188993724,1.21476838793629,-1.10080410528698,-0.398195655631067,-3.97000515410887,5.09369448764169,-0.389003724926138,0.154522444650849,0.560942495856293,0.660683128342221,0.702859852121829,-0.903070434773427,-0.546096593990979,0.441718006390469,0.829087021928155,0.707720868102258,0.0530172862938715,-0.643180459114217,-0.743631353147875,-1.2192108478838,1.42031362758272,2.53638375152243,-1.13025009010298,-0.0376844562294397,-0.136740711388999,2.79472594049623,0.124028740560199,0.415611934874705,-0.96276294009998,-1.50299113168467,1.49166917291719,0.000688897846863545,2.18687619375508,-0.374983377984059,-1.59771673836294,-0.0697072747204421,0.367644667448447,1.01375515495141,-0.574859351413393,1.08599477819041,-0.89364213088725,-0.650731502005104,-0.588875829441597,0.183603093259494,-0.772701651358205,-0.895848620707969,0.445236481042611,-1.28180510012432,0.778797147544186,1.27407915222921,0.354577029805249,-3.01540957272495,1.32855270046259,0.200625418678999,0.515967571782209,-2.03968071189253,-0.330542060356158,-0.472618825378659,3.40725305905699,-0.0368218409926091
0.69116452377658,0.472001798177411,0.0096666252140798,0.160582530853735,1.18040453018366,-0.807159886978407,1.14296939384299,-1.87827461624641,-1.08653970510547,-1.82563727255729,0.210810148111272,-1.27741416421592,0.299524312353148,0.268671169141555,-0.158672504119676,-0.5191247911584,0.073082224909965,-0.437319021198119,-1.53212654327917,0.191478113583022,0.500231942033707,0.523212857633737,-0.747270508185265,3.39648609133604,-0.0675918833903865,-0.18520344652848,1.02494570080082,1.20297048769162,0.642204741025564,0.606709396093294,0.252147675164696,0.0662050189780105,-1.56022966614859,0.303011485442633,-2.01057454740921,-1.11741375215648,-1.3337042897782,-1.2793561069511,1.43583495515093,0.20544615506463,0.947844991680839,-0.220552388115838,-0.729763101073703,0.30733372085489,-0.533235453017971,1.23596300217439,0.577757548147088,-0.722934493543655,0.408739331778793,-0.408872483890088,-1.02708225406347,1.82171120196434,-1.22509882131448,1.16005153816211,0.405262193558738,-0.870198535757818,-0.717333118922497,-0.283927599792145,-2.19387773380585,0.0621007151758216,-0.296828388157623,-0.94974531435642,-0.21504958188438,-0.483645330537889,0.189317187729251,3.52281557084436,2.37264374413646,-0.517740897291861,-3.28920839778736,2.92589891686847
0.716508526729546,1.0503296891232,-1.3939002003452,0.0189210684791626,1.83824598923057,0.282923736449702,1.22906087358295,0.849355646809288,-0.697183200445781,0.176354425452591,0.260163006514526,-0.575718402862958,0.134651445921342,0.268026586428828,-2.10129048173024,0.982611273231756,-1.52682705313647,-1.69008636607829,-1.8100787773609,-1.93907417034145,1.43980045471309,-1.60330076648846,1.04548139804442,0.316358298274894,-2.39514402298856,-0.508354228899053,-0.817318200574674,-3.78548449272542,0.250788163770873,0.22242614539606,1.15940421786154,1.61676877953064,0.0906119998573498,2.24658827054852,-0.211838086189666,0.189259977594247,0.491666326948268,1.04625069596126,-0.100834962333076,0.157709387576636,1.01624511661701,-1.1253592393365,0.0825069616460365,-0.782746947550051,1.9100640884314,-2.75686289288932,1.08284041986427,-0.611277373136528,-0.807630833302015,0.876039420989636,-0.354659589730114,-0.469192976580424,0.133550796542869,3.43982874164798,0.261850375609869,-0.258132252105835,0.716335948743346,1.71808413843561,0.380276301461258,-0.664289768060922,-0.21378229097846,1.41314225032114,-1.61688286206568,-0.397407994684864,0.0938759884807464,-0.752558402014496,5.3403865895342,0.497347452958196,-0.963827079215397,0.0594506346527861
-0.726671264420152,0.487304562769437,0.0605934275122228,-0.589770393040368,-1.77129687132695,-0.407935385985305,1.35234659272196,0.469951582222168,0.252001567064257,-0.65904123852433,-0.9013678282704,0.810801812148461,-0.588477770400767,0.0549284351216832,-0.247194654008033,0.193102001278861,0.402225675663897,-1.355304879161,-0.31463847090076,-1.64854112471635,-1.08596611960843,-2.18689238766234,0.676480948467015,-1.25371615385074,-2.10916128338537,-0.46243371202857,0.686297448468023,-3.60438664492735,0.252992100087512,-0.405834645162848,-0.295434661878256,-0.32969170409545,2.21062625349737,-2.22513833076163,0.415545762333454,1.56518110833401,2.98215492306672,3.01463215763422,-0.203942228391748,-0.914444966698262,3.71411640824105,-1.29553694685929,0.513306610673362,-2.55136853049831,-1.4250521864158,-2.1656161649787,1.87059463957034,-1.62688711596997,-3.86572685387148,3.008336781236,-1.05863440059321,-2.93170180246547,1.53385744814156,-2.09716094129662,0.621510351522253,-0.192324556909022,-0.374184115864483,1.11725784109766,2.84370409860271,-2.18927268264473,-0.671077686728606,1.30862900421407,-1.95420521281482,-0.241483828381533,0.0213102805323523,-2.18028271526537,1.05106019818964,1.92676724026971,4.04732267537382,-3.46471987732253
0.819271039594461,0.81138452267275,1.2274936699264,-0.196032369457827,-0.40531870530891,0.843121089753731,-1.30571822111636,-0.0399216787727718,0.506891063117578,0.937042345776182,1.00891000842,-1.10277086827733,1.55489808077591,1.25705552585589,-0.205488280596562,-2.00476534724701,0.324016620233375,2.37191970114371,0.70778500696434,1.7983072488834,0.277648266535873,-0.282794475779125,-0.634320479610609,1.43857054142566,-0.0702220113143797,1.97689769188977,0.226501640606587,3.61601522538063,1.15756130335799,0.339453005088867,0.070250447304968,1.31951421258133,-0.507465447274372,1.47988641075427,-1.79854509128474,-1.50088501993531,-0.953391550542215,-0.673991312176046,-2.98190624269008,0.0791181757471628,-1.46312720140374,-0.679337742880666,0.57697493209416,-2.5977622054917,-2.81157214401686,-3.58953911442789,1.65207534907914,-2.04317692429662,-3.00086847804148,1.28045489438746,-1.23914509157677,-6.02798892302748,1.75271041871595,-2.43085500152313,-4.16226186188822,-2.59074651950739,2.67797848935724,-3.89493434242665,-0.587306523586706,-1.79745836689993,-1.9988363824206,-0.450485008100052,-1.34883451791013,0.0745688115401383,-2.80190733700822,-3.88730050175633,-1.68286783630662,-3.81511426786319,3.96601856249278,-3.36195487895172
1.34360907654974,1.09383069942492,1.26284945325909,-0.185427622220021,-0.852580067758326,0.706114254414793,-0.433774232649339,-1.28132917749913,0.541478219815229,-1.83817193153933,0.545136554891017,-0.789290341147729,1.13816599059331,0.75105486691296,-0.371019665943064,-0.712543772262891,0.73604136988476,1.19998799722566,1.94123319237489,2.08686991422639,-0.0411685572893525,1.3702111258265,-1.8564824477417,2.62174106183251,-0.0550441143472806,1.49852662668207,-1.14111935991026,3.28404838127591,0.837959319506666,0.0725545575800324,0.642963710190594,-0.951461682636812,0.060015490274959,-0.716900576287401,1.28198457379885,5.40948582380819,-2.00600553146481,-2.84325386400172,0.819766561143956,-0.504657131694482,2.05429158114615,-0.344924418129832,-0.743344134414904,0.847364395081303,-0.579038547998874,1.32446818399192,-1.27614423963821,1.62457001588055,-0.579999708426802,-0.534474770496234,0.737330742310441,0.617596721909782,-1.89802679832251,0.830828799621128,-1.89316646572713,0.164300802138054,0.431798253953268,-1.23943815774557,-2.3869079409452,0.412954578780346,-0.201791081436614,-0.800893295556132,-0.63419044503306,1.80363872763084,0.463700180573978,-1.75609088540293,-3.50262774285257,-1.75138614464666,1.69393929685633,-2.39388889280456
0.332938248427582,-1.00228971324085,-0.84252680290666,2.09953570690265,0.41356926192022,-0.298077443806967,-2.78228381164537,0.973511914088341,0.588611869847362,0.523833087056811,-0.388121949136999,0.168268408566291,1.21435113817288,0.670539096173495,2.02481993396324,-0.563533893993808,-1.43217226948537,3.26266601167572,2.45110776051154,2.33130835584788,0.319771862336402,0.59623597913332,-3.29691222024342,1.14467306819509,3.36370315889392,1.82016079535514,-0.187604905422436,4.85037501837031,-0.897442880526147,0.373185720969473,-2.61283173430639,-1.06798594994636,-5.83887084527457,1.20186815451687,-0.774466612604942,0.189366145800229,1.58390049019964,-1.83246040546906,-0.0431421568990842,-1.54846567865591,0.108490045600324,0.771303154931089,2.26471408806989,0.166516991796237,-1.51013526520138,-0.0830989941118159,-0.8535263429447,1.51597935166552,0.191202077908504,0.117524322470582,-0.344512792975414,5.01922261689885,-1.05821167169208,-1.22054062110948,-1.38937950739696,-1.67902823937713,1.86402311398756,-0.877626148557351,-1.96212642890411,-0.12401606627045,-0.438554593145906,-1.14373663084094,0.476889533792151,-0.665589434954211,-1.12782389084707,-3.78161531267573,-6.62295669797238,-2.85314628344903,4.4591867225278,-3.07563174467157
-0.564039409064659,1.03230041441329,-2.40035799048368,0.49147325217987,0.604649764527909,1.92048654639676,1.16019454194735,1.33596619875686,-0.0200748657408495,0.134130510023802,0.205451139225151,0.993303920204314,-1.14843414246646,-0.622833270507398,-3.18172849344347,1.44320421032742,-2.14773275897846,-0.708468830823911,0.0940816537215907,-0.493333399315572,4.22749541936943,-1.55468998943051,2.70116409093314,-0.234928776024286,-1.46046568426949,-0.148037541925953,0.798061701510325,3.30991940214803,2.23844518566578,1.22225075057543,2.91615939436856,4.87039866157683,-3.74697694899109,4.23530668072907,-0.336549076361023,2.6086611539432,2.41124372578342,-2.56745653826498,-7.38838264553749,1.06365670739629,-1.23137839180881,-1.90352441038862,-0.766315673259132,-2.01942700340653,-2.15439731051001,-1.62342949644084,1.29843774571541,-2.47168364320652,-0.93601634126777,0.58866306389687,-0.217994685411047,0.748099600547475,0.372419339720141,-2.5026547754321,-0.266212394856685,1.17320846592596,0.274000336890816,-1.13941748308766,3.22784760382114,2.43008070364578,0.0199128891480145,-0.638283056260274,1.5543654224247,3.01415104479396,-3.03848611688173,-4.33491676732578,3.85877854271745,-0.113565299410407,4.68444530033584,-2.18370780034768
-0.556282625979309,-0.266419498386325,1.53324653340703,-0.00757508651074527,-1.79008503028299,-1.47956923179972,-0.642796764494461,-1.37017185889001,-0.0573501793196566,-1.08410387881013,0.465811973597986,-0.878759212462721,-1.24758730127165,0.0125083177921022,2.08394957005579,-2.01519695693211,2.04157775574537,0.0697184388956646,0.433845078531775,2.51160777923396,-1.06486624819576,1.55822357962224,-1.3068177595126,1.86993968927316,0.557053387417246,1.16035080432351,-0.0584692690171251,0.711129360699177,0.134676182418548,0.472914328090883,-0.533365640485961,-0.0510411570887254,1.37631399440384,-1.13974440055308,0.630435098855306,0.390822676227867,-1.79224684035349,-4.89570978821765,0.310849845425427,-0.216215087367859,-1.40800697937799,-0.677243714214587,1.49208318377327,1.69952212760329,-1.4626482590309,2.23311090157295,-0.130616066658001,1.35539080050945,3.89099752708412,-0.715605135900293,0.739158896128277,2.49716472407685,-1.62302493794671,2.49863114637633,-1.76570471077764,-1.52915305851612,2.11492946150303,-0.527362106725914,-2.94973100604825,1.86858779567179,1.71741790654324,-2.12912408875472,2.23364133997475,-1.22534211104538,1.5287185297155,1.4590994093185,-2.4178752793475,0.592827645578413,-1.79724338862175,0.671811723686327
0.277243355292701,-0.666168993969922,-5.80673649138112,-2.78792574169169,1.59340437188302,-0.15271381137632,0.329355211630879,-3.14187994576144,-0.979143679208455,1.27540770507091,1.28443693318378,-0.222637421070347,-0.696049422696879,0.283988780901559,-2.3337052684089,5.5676318590424,-1.94613226688804,0.396917120754592,-0.310414365508037,0.82377247085856,-4.04673210647593,-1.05098170795248,-1.95107657598105,1.31014178786024,-3.88691603279287,1.02031719788968,2.15801891399334,-2.4243540434561,-1.13771086090223,-2.88938589193706,-1.68246872614934,-0.00981843939483562,6.68734643983111,-3.31709992602107,-1.88421726218173,0.958026645414372,-0.430166127915129,2.37923623422658,2.88704870617482,-1.2130012979455,1.63649045581363,2.05061083919191,2.5917849737271,1.89667652533202,0.257612231405793,1.51118922361973,0.63295843963396,1.15516868271104,2.63925436504881,-2.2313611565695,9.95453098401854,1.02063824768529,-0.498507963763437,1.51344276326876,0.252939453398319,0.630567360122667,1.79700170687078,0.574333170012447,-0.503203039651455,-2.8305498364434,-1.58600504689919,-1.08098567777638,-2.92777339637558,-6.54070657568682,6.13670505516499,7.17538779858842,-6.1674872570966,5.45495354999895,-6.43133558029762,0.650950971461083
-0.743971258224414,0.715076289290829,1.26960020949794,-0.059426181756381,1.08293108095326,-0.296210535127455,0.313881032796362,-0.299013471435282,0.64195730652038,-1.33183318364568,-0.673770417094979,-0.347500586195929,0.827000266892331,-0.413032739945826,0.844405654268937,-0.0092888222050409,-0.866097358432652,-1.25675915743174,0.525034437389421,-0.266091989992116,-1.80132893932627,-0.886290885710366,0.827986936223383,-1.42054752766567,0.763241890873369,-0.371683305943241,1.66749061075375,-1.55231077694106,-1.20799760914783,-0.52769455919032,-1.98018458638765,-0.869910917344387,1.38341396208458,-1.09838735682514,-0.399316454581581,4.21087679413548,1.47531942053061,1.22562910904257,0.0396947658448692,-1.380684674207,0.0628862530936279,2.75068612647337,0.305895682008596,1.57171284079257,1.6251190793914,1.93620766049229,-2.05287731780207,-0.881550056811472,1.78740675158526,-1.85933652819976,0.878871324618381,-0.464691805595289,-1.74265672385264,-0.0941599284629488,0.43293130569476,1.98881201751538,-0.257430766008319,1.33317519976642,0.483629319760916,0.907014840941409,1.32277211976905,-1.12594071947398,0.113325905479955,-1.84876705061574,5.39738434205168,2.49201453330531,-1.20713146676604,3.06145368199016,-2.62445621837749,2.68181128133308
-1.04605040271054,-0.0134797143676073,0.697407025262801,-0.418955788585336,-0.537196328125416,-0.00528022743416566,1.10057406664987,1.28839138178047,-0.607041984058693,-0.151378879455447,-0.207528525740298,1.41667376023714,-0.643586223386531,-1.04013862433762,-0.845711321555389,1.15160952067594,1.86729682320166,-2.72451511210947,-1.91616013223042,-0.735955838658362,-1.95941826538784,0.895653858790843,3.47845879559368,-0.0481960044554911,-0.409706581597288,0.911152023380228,-2.18661873623486,-3.89549151969034,-2.24410289628617,-2.21445698688231,-1.10613750244619,-1.51675764272104,1.98858073590304,-1.86836448210514,0.416074010634745,2.51781818120523,1.21948998741214,0.198551544206645,1.90620578038022,2.88649371575976,-1.56516412028169,0.279254505022865,-2.97678790066967,1.61705396457853,2.16428311187931,2.69945624091514,-0.624042504077783,0.539629364121857,0.988651616668057,-1.78888200744187,2.57641497786626,0.337093178375695,0.902676007290808,1.70919745701512,0.44492964312783,1.01265280525514,-0.0155844544974261,0.345907991762042,-0.796209574435599,3.17789441981977,1.84451563401943,-1.72030358326005,2.59474855978989,0.995223906344688,2.35719490018241,4.02531283632648,7.20651095468345,3.26290686014462,-4.51103269785356,2.96114158666084
-1.06977779675882,-0.0193879170431459,1.45537083412289,-0.359105687928506,0.513646590982949,6.18799243787688,-0.30751400890502,-0.540745548465319,1.73399901985109,-1.2912888321864,-1.98699129119645,-0.316383013784408,-0.121707914745931,-0.610708818181942,0.2142770848523,-1.19913193021004,-0.623268232734369,1.39363928370154,3.48940438038074,-1.34529219164087,-0.20737944997701,-4.03339030036511,-2.63324470426384,0.583221464852255,-2.27279201838634,-0.35984759404131,7.69473407140282,-3.62954814994711,0.776227421463971,-0.525726237639963,1.91373204737427,0.279964320868737,-0.179852048789229,-3.37865233905329,0.956836518481498,0.449636577125239,2.6387337596157,3.6087714611518,-1.09296286975067,-6.50692215049021,3.39549071037096,-1.07014202966149,5.27209120521047,-3.56254076868054,-1.33188728440368,-2.60006263996527,3.25315785371403,-3.55224286224126,-2.89900537015323,3.63428897024785,-3.73114266777264,-3.86779667291085,0.877414727650407,-3.0122731803927,-0.188150788834512,0.709629136885297,0.464586225347824,-0.603321129739662,2.58704492428555,-4.59950375022292,-2.56943285037834,2.44341162280502,-4.10659439190918,0.74610648471025,-0.868019375989471,-4.45692331814995,-15.154154027879,0.30360348278431,4.59032353877518,-6.40110380044528
-0.444687071896972,-0.0409867938608331,-1.26876349456661,1.89858753535829,-0.657384359553291,-1.13630759972957,-1.3331413758039,0.660341685373825,-0.579822701509651,0.0336155347682099,0.355373487499765,0.80592537415024,0.441601285692519,-0.0883742914467972,-2.20908421346353,1.02071423143019,-0.358911141258214,0.334776123238139,1.20608999921152,-1.56217800580202,1.59791372703644,0.464424638269434,3.70214437854149,-2.81504422878465,1.83342946793842,0.820775443909025,-3.15772102604146,-1.13954669554605,-1.15541813051289,0.181996750481275,0.98076397109181,-4.88841713859244,-3.52149342143157,0.224387599673347,0.695062007919756,-0.335836094975692,-0.906524823742395,-0.967080073218702,-0.74391505915384,3.51069856085682,-1.42762951841642,-0.0515518589198086,-2.10648237946562,0.681304370925455,1.67178251599675,0.535811391666429,-0.815172062457775,1.4464139204227,-0.0790847208745826,0.283960673689301,-0.100423517307192,1.33255997413765,-0.425299896353317,-0.735363429414035,-0.572025408507033,0.79650330840338,-1.28618422696442,-0.000593578983943632,1.15236036439347,3.51298858977012,2.33015552046159,-2.06325351713886,1.81255005502164,0.283095433006866,2.04489737120438,-5.1452898241742,2.89500058816413,-2.31567661235363,1.16963969641624,-3.55075272558519
-0.286783992062536,-0.282549737433624,-0.952957924156136,-0.592395577308567,-2.78674242608154,-0.251896643340966,-1.65290128093935,0.0561525947700699,1.25382551915977,0.107351517924427,0.714021784004783,-0.55876536775978,-0.304849941138844,0.558575044763123,0.554731055795437,0.488629371963954,2.25955941251349,1.29895180693084,2.45252039610375,0.756698469214666,2.91817175752022,0.410516733650028,-1.1939550603677,-0.776472867016901,0.149089260908063,-0.0776017301770504,0.874622921363358,3.36006070829118,2.02850567203301,2.18947753777493,1.98413766829213,3.65802771584845,-1.26751242733857,1.24533021991378,1.01520129251638,0.417822583678624,0.613876160407263,-2.60169665163572,-2.97226643472879,-1.08588863220192,0.814682604601668,-1.74389207502552,0.373763902671424,-0.202522689921582,-0.263503526631808,0.805158357887132,0.40987020972487,0.351707400552174,0.674253251815327,0.516485668507625,-0.0341637373305321,0.511866172264255,-2.19634297126886,0.0112700317071816,-0.160499949366103,1.17993330026526,0.294867431909513,1.03711807847228,-2.72112261929374,2.56751053128317,2.64297311559793,-1.43832429325743,1.89840294410011,3.03633435787127,4.73480962728208,-2.60817896995446,-3.16178173622624,-2.60762670932913,2.69489415735506,-4.1999092169186
0.00607804425995746,-0.966726386791344,-0.801360992001482,0.532428381006153,1.13662409091642,-1.6328895805659,-1.09175472354855,1.30719428101367,-1.60853511125992,-1.27210263801335,1.69860290967598,0.9293757015669,-0.317636436628819,-0.296415535367572,0.606422922139304,1.25816306087138,-0.87706528596575,0.584731685292517,0.949173989126159,-2.79114269465621,-2.55587361058731,1.22544865906579,3.2754946181188,-1.69552854569505,-2.10440238470956,-2.25256528658635,-1.26517411788294,-4.24910122942801,-2.85870480652873,-5.610693058167,-1.72023585149401,-2.68096853122583,2.46639704301426,-1.21681762392739,1.13321375414985,-0.984666467522903,1.30241815529248,2.04971606896579,3.8102022318155,0.301910784991141,-0.617041213415015,0.936671382403523,-3.04392680854829,0.852409302138977,2.34175779483686,1.98537862609504,-0.307561845379366,2.01698530447355,-0.324908991321955,-1.73877328475211,0.837985134098432,0.459094070871173,1.44002262817429,1.12146296949981,1.55500839984194,1.21654387545156,-1.40259335085184,2.19631556529887,2.71364427462126,-0.789580189267828,-0.47405636901677,-0.306139341727983,-1.0424010424891,-1.72624602751116,1.84664796893354,-1.81089389141518,3.37856566522746,1.56139525373718,-1.7072068031644,-1.06984554472654
-0.529585751868621,0.430636498988615,0.0605794896130471,0.899317921469135,0.319742400465937,-0.812451083395291,1.42964752684684,-1.46983073696909,-0.0397954739309303,0.779795589174109,-0.610059783370168,0.311740074980527,-1.52615573902148,-2.00318358506043,-2.81411411228911,2.80714494627887,0.421187323093701,-2.44769274346625,-1.34498252379431,1.32427995072292,-0.252251196345891,-0.678909824437415,-1.98177472711509,0.202144350915741,0.0767314150786008,1.91217583453503,-1.85934897669514,3.30664612436021,-1.47209794153511,2.74118576355256,-1.52379877678921,3.53844611684419,-0.704204413949041,-0.930332491969383,0.867861916607957,-0.552177545159863,-0.326933908510895,-0.666879503283391,0.161287701711013,-2.89356562011857,-1.60165000389042,0.426631959594828,3.12432784918921,-0.734526553004745,-1.82198318890995,-0.58831387368765,1.73424298513951,-0.953457493058961,-0.0760100320779484,-0.313073167221574,0.616435658128839,-2.63896926466472,-1.0525926917629,-1.8171563817348,-1.22096899712318,-0.554380006206032,1.93446274696962,-1.57012510917808,-0.980642417221677,-0.510780602595758,-0.260857550782786,0.781993539471814,0.200918417427463,-0.415668864534375,2.60139840046803,2.91311585915682,1.32760407359824,3.07985350848141,-0.969394435069955,2.30027077340362
1.2409514689067,1.30846502628622,-0.0398761849862809,-1.90033469793233,0.444594075678177,0.932163514720209,0.808556310599436,-1.01043019089804,1.46216123840798,0.376024369961593,1.70710781171601,0.256659945481326,1.18443416016614,1.6233948586812,0.0211556888038095,0.204424302103485,-0.0687520513744641,-2.00060277418778,-0.287544889496064,3.18390483425497,-1.98983951177805,-1.50550944181711,-1.32851505481336,1.98663684429348,1.0772144783337,2.74727468961549,0.175539871065395,1.16872606029287,-0.361784551171925,-4.58543516136414,-0.0943876916700904,1.17051970788123,2.64160910877248,-6.53446279296704,0.798374358215927,0.306867409615178,0.405990677217192,0.167637796881308,-0.950529666428465,-3.60282372777259,2.97027996000103,2.11052670726329,2.28229940919857,0.769436320029895,-2.91479803469654,-0.154694578017081,-2.19488577909262,0.0836621629000349,-0.569524954823335,-0.602030729840694,2.90508013118267,1.66672823747579,-1.17693214883856,-1.0746357972315,-2.52221326037584,-2.64609095273039,0.25738600188161,-0.152306614537196,-3.56486607265894,0.271359266023294,-0.709287290972038,0.620184865487833,0.621106086427105,-1.72977192984472,4.54819529633328,5.48737767211686,-2.64815562959182,7.87940542074166,-1.80812462170196,3.2488590300162
1.27661547762335,-0.677386039067469,-1.64160908362156,-0.613795035536987,1.00555397574423,5.20285766530971,-2.1103686519225,-0.571646083634704,-0.292018891598176,-1.00471383049607,-0.220580054912197,-0.345603665955441,1.79211973575328,0.38232199713207,-0.140380143341139,0.245386902088359,-1.30947043535821,1.62121868983595,5.62340878090585,-1.18218236730855,0.321325963685773,-3.39837416030625,-1.79555045591768,-2.13431626003269,-0.500474755302314,-0.451009121782923,0.29736644887497,1.04531696694202,-0.0619979761955806,-0.487969202529205,0.332539359775327,0.851210116169501,0.603885521099915,-4.3711931015154,3.12012026935162,0.79511624035618,4.05861962929222,3.26767960162437,0.770815125294187,-6.43290442369214,-0.0623155440096923,-1.52899522033595,3.8359967081276,-2.00745913201613,0.0998930852216735,-1.77175289175935,1.54359549408142,-2.77974587410904,-0.725174383456568,1.66616647458336,-2.84299182451551,-2.7171967632434,-0.0364914239189742,-0.731668005269144,-1.65782476933384,-1.55082586851879,0.763877890980332,-1.23532490152839,-0.443173999473118,-4.57858733025567,-3.89952182604581,3.1506604290183,-2.98063557467543,2.12756466236344,3.29969832090076,-6.49479629910865,-7.15094197671494,-3.4309657377154,5.00915853872739,-7.62218974146613
-0.623587604565075,-1.08376776616184,-0.276385305454935,-2.48966682650158,0.635947849127756,0.962360487229783,0.116238777147158,-0.0670819249410929,-0.176298401171704,0.766373834810761,0.423772094897812,0.399137768028979,-0.781448974966406,-1.64194749130713,-1.01647410793789,0.854828879033709,-0.766692118233412,-0.9223896684618,1.01944708752033,2.12929746867199,-2.21256656066173,-1.92729994200685,0.2846552029112,1.03833129733611,2.40769289609072,0.552839105706319,1.46441371082324,-1.12536121591826,1.30695697566305,1.49480736258939,0.173981235058822,-1.24856186432565,6.26690105273901,-4.84767196766717,2.25246445640319,3.59854765087266,1.31132225809505,0.868897184567943,-2.43335107034372,-2.85262306473805,1.97345509518569,2.43600970139099,2.22618854850439,-0.605898743166299,-1.11995479999009,-1.03646984247589,0.791661606595017,-0.229651818127863,-0.719533611995527,-0.0413363434450468,-0.936007709492902,-0.0619173689395129,0.208722014525579,-0.431975234061044,-2.52847499009481,1.47714996221194,2.14036560839458,-1.20876866888601,-1.83775316018878,0.772468369207922,1.37321872695735,0.234266439701852,1.7337705667612,-0.392202232719928,3.51346386194497,-1.18556525201332,-3.54569423033106,2.65870932340682,1.07676534712689,0.664321108514338
-0.0883223627986688,0.262624728239149,0.535062621674327,0.428935391900929,-0.983125405839023,-0.013746531197115,-0.230717080734499,0.849861079617363,0.596348258701512,-0.378229032678275,-0.4703197665283,-0.442458971691241,1.15429376722027,-0.214774285626209,-1.00830017933274,0.38705536137575,-0.209946793281312,0.771124009228218,0.00852073901323494,2.15486988066528,0.40400602202591,-0.827211986841873,0.39494911529241,0.985558409617308,3.1085488714746,1.81830863109294,-0.975394430265414,2.79352310527782,-0.327152703650215,3.97644339652709,0.622830175271201,-1.77221400620202,-1.58611389517345,1.53912506812647,-1.47544178469204,-0.772457822315187,0.831132210559978,-0.558881075192109,-1.99026376092295,0.946805196893968,9.93397308077272,-0.347400688826706,0.718097749753746,-0.634769165642033,-2.23361674949795,-0.296454168923601,0.078254403085653,2.20076247105247,-0.703440608407444,0.252264516042984,0.248798389012577,0.0434022583056507,1.36376340852232,0.825905823466134,-4.01035438745023,-0.929027524873454,-1.07354152781062,-3.93177712599216,-1.7645612158829,0.219598977016672,0.626030962430599,1.34877305138835,0.450048470453463,1.38810554696467,-0.0517950878996437,-0.637822826191736,-0.707510054754803,0.908848526170637,1.67186959491449,-0.513383681918267
0.974879637617742,-0.0635241642052849,-4.20312204960396,0.394252547783115,-0.865398696412796,-1.32888017284923,0.338802913097707,-0.723509940508186,-0.0403926824098461,-0.241330452671943,-0.349465792305794,-0.60253482461234,-0.0776581429589149,0.0375765483469416,-1.403068899776,3.05849957819505,-0.209163939895147,0.943129840379391,-0.775508624777189,-0.211044865082406,1.68165565766467,3.23834457252015,-5.86039154530559,-0.140651549347692,-1.06109325236168,0.382717133145097,-0.186743261872446,3.57871657874323,-0.971642460809528,0.880164454985164,1.30922435424796,4.31776614257383,-1.33163855045169,3.55456706102922,-0.786374671828392,-2.23447594250773,-2.37485345838094,-3.28464253791959,5.29583145062275,-1.09945364719397,1.33458644276345,-1.1907073741644,0.374320025317967,1.84001203306185,2.08320246424233,1.52833740039139,-1.40701783765561,0.717649431382019,2.60220646862026,-2.05705622820709,2.93818223499749,2.36321086432081,0.531821866754024,0.4732690597219,1.45397238046839,0.909789784566531,-1.88958678968264,-0.571981826682472,-0.0384124460310961,-0.82032402361664,-0.354437044276068,0.983452714714691,-1.20651483276617,0.0411361542479352,-2.25465237036757,4.36573695127577,-0.623142497610252,-4.13399789529395,-5.96012873930877,1.00604146821359
0.118669036005072,1.12431638953721,-3.38644421304835,-0.0766914397352636,3.0095571295972,0.0959786584455864,-0.289927549131103,-0.075670261188114,-0.929285956743272,-0.8650045451668,-1.21330756503628,0.675905949930768,1.02050383745862,-0.0530534471611583,-1.57507701666301,2.98655694413738,-3.01347391781905,-0.155082456808946,-0.319805252538134,0.153289677093905,-0.0132936495223037,-1.4502547223963,-1.02835206759781,0.518584402432964,-0.338353937235117,0.093335520655445,-0.452138370706227,-0.34171873429221,0.434949996532821,0.0907056078235081,0.255107300772024,1.00732809706688,0.404210578354987,1.21211490248947,-1.0271358830163,0.135837050457205,1.16330331779331,1.43631314091155,0.331254388526487,-0.522410619381132,-0.138849267267421,-0.176634094893264,1.77723081242705,-1.81437622356167,-0.774344451193313,-1.59528830973647,0.354878859206811,-0.120212719509674,-0.957080728564548,1.65360192368455,-0.800530179186704,-1.45159366409671,0.336527737247434,-1.21377121006069,-0.418865727891583,-1.33100089187421,1.74149907146512,-1.02931881030717,-0.0253167659557048,-2.95305095806384,-1.69159878569277,0.202448721227803,-1.90099798575135,0.211815510674608,-6.14377408938666,-0.702593742821718,-2.67627713654148,-0.25742792319111,1.57817008103812,0.0234337590564124
0.168058941033241,0.966339621075879,0.48325164544508,0.00347544318735119,-0.983280871419007,0.00354272585212674,-1.50980315772854,-1.77630169862573,1.65668553469517,1.29743301132277,-0.0805777788391904,-1.09426341164869,-0.157408780285827,-0.574750781312531,0.18653201783531,1.3770666542674,0.809357049880581,1.86274896739995,1.09212303644339,-0.542199979733263,0.00914871632963021,-0.116207289720092,-3.26104476733435,-0.66255254101943,-0.988706317738024,-0.233612951636542,-1.18470028285564,-1.30955510441381,0.75172910027151,1.8442787768013,-0.189596904041528,0.975480538210864,-1.79562954112731,1.15146468249376,-0.378426014462389,0.298894851106759,0.664752112356322,0.127975175474144,1.43486596818313,-2.99123530398612,0.844793267795052,0.650379475455695,2.05075069705696,0.526362643497786,0.354966569514775,-0.479555798419407,-0.0578731664255748,1.29506003921588,1.31989143918536,-0.0114561073938772,0.37694771864508,-0.412087887395446,-0.050076674907445,0.416882543845197,1.82384877965228,1.36119179339926,-1.54775443305612,2.64441194462457,0.902428027257612,-1.57222947380534,-0.472339020345246,-2.21236023801012,0.134427216239573,0.0610632983734674,0.436319799487438,-0.943834174742121,-2.34390538373432,-4.50363915161381,0.301434160991854,-0.807304122553804
0.182134958408783,-0.155136618631324,-1.92456424477241,0.127943125415508,0.573482821611326,-3.52582538963734,0.0299198684003541,-0.995846616756169,0.328371670914712,0.584241963143359,0.433536487858004,-0.506028575258532,0.606943932969281,-0.109029482231984,-0.554713178630548,1.9673668854364,-1.28865097554948,0.501682298131241,-1.98656315484352,-0.141456362898993,-2.73939305985803,1.13923522424622,-1.79731045140183,-0.890759825651828,0.969299686154564,0.0608083994113542,-0.717277777663603,-2.27846805026771,-2.37730752669972,-1.70063725452399,-1.77211874395136,-3.33905627123852,0.723795191996119,1.22401741884297,-2.3568172250794,-1.73889871698575,0.151433212244518,1.88106166413731,4.24480419973729,0.259789738996549,1.01775028132967,2.6560199010767,0.51571213580699,2.02691198140612,2.98223233906347,3.02200813833694,-2.53149643633682,1.81624476831523,3.31586375779916,-1.49650970923512,1.92935938219122,4.43953065045087,-0.879475061096003,3.26745827132504,-0.0237611174249059,0.0564116507834667,0.920354234352372,0.132837863083548,-1.52625522435891,-2.06760240256352,-2.14232766050891,0.238791628647476,-1.73525573890976,-2.57052089398649,0.798748004798025,6.35104599372579,-1.45560803238381,0.566837299520121,-7.55052056182136,3.60915890171177
0.772332761457208,0.90203870522854,-2.17091123558883,-0.608274817953313,0.56071933924129,0.835478580509958,-0.0192685411552051,0.50753515505767,0.800188894989786,-1.1685628487544,0.523074498093823,-0.310921758162086,1.404957309714,-0.867143430183176,-3.05704298348862,3.38263436329255,1.19334855005112,1.30455457791217,1.02989135043163,-2.17388940869165,-0.830273162449755,0.886577292727801,-1.03617363884386,-3.80464549821287,-2.38677068263551,-1.08209247775921,0.078684059435228,-1.10717394488442,-1.18674917390054,-2.38921840027786,-0.983110964905031,1.55542007427371,-0.469213662641301,-0.31227680299275,0.260546709884579,-1.1883841726256,-0.671791827566098,1.76452896103145,2.76021615128849,2.38715147335308,-1.53585416505979,1.21125966707293,-1.31494681580918,2.37434510811101,3.97209153919065,1.12690238064162,-0.0122912426033051,1.16127023959353,2.82148542029247,-1.59572128907118,-0.377278780035899,2.2185331872006,-1.10590160698532,3.1960977688563,3.4769341268563,2.14756257220614,-2.50223801246189,2.88396798397745,0.08746341089813,-1.51040431218714,-0.903379859463828,-3.48748259633181,-2.0743510625127,-0.89568605402012,2.35245688385189,-0.423267314942082,0.604820157438545,-0.255719009361815,-7.51448973847318,0.926548836240447
-0.191977171171521,0.685619710942986,0.425418053177217,0.0720877424898909,-1.31087142156719,-0.629330292990838,1.06092384534975,1.29416604353152,0.942698723200912,0.125560798137749,0.264394307532053,-0.839218519233637,-0.222719430494671,-1.24804826946589,-0.638088588337636,0.817597127558989,0.347811652267245,-0.0257612190929124,-1.48011322675724,-0.452065808934268,-0.802247989060613,-1.61413236053019,-0.866754953716284,0.180389201466669,-0.440046567671113,-0.425229809743923,-1.0131926547811,-0.917508047192104,-1.40894637411792,-0.466922961946276,-0.525153726295924,-1.50921762622792,1.27837530362997,-0.63347419749607,-0.592672945252598,0.524618137875309,-2.54339069929137,2.21178621234947,0.943613026147926,-0.380354411513271,0.724218075101391,2.29708869120458,2.31320444891187,0.864339462451253,1.97838069698165,1.82863083314394,-0.761780108390192,-0.428372436512342,2.1804776465467,0.175931887267186,1.91136097082451,1.38488382400793,-1.85331457878782,0.525056610584448,0.838719050463622,-0.1950283791638,-0.886281027411376,0.205234260917786,0.61595701073572,-0.98305710515781,0.150902392724909,1.73265519040545,0.109672231138925,-4.54164183877799,0.939933973951771,5.35552898752574,-2.85078476491013,3.10186759322862,-6.69975048564044,0.467829978550506
0.553368434369162,1.4473948284939,0.292193989411065,-0.135656408143619,1.52154457889132,1.11584126247881,-4.28367167485977,0.338402696963668,-0.238267204491348,-0.926249125819964,0.719562571698468,0.448191392023233,-0.987466942691802,0.995977808133595,0.0946654100954299,0.330952922871441,0.104841695003955,4.81602522915053,4.30391128457554,-1.16643314867862,-0.528441539988762,-0.50378881522037,1.4064928458997,-0.271617996347806,-0.0961948933152461,-0.675648220505989,3.42515725581934,-1.73434754096236,-2.1647131373405,-1.32021035831496,0.384396700838251,0.990170361495597,0.431977415634101,-1.15043917483923,-0.189126838064924,-1.44859516622848,1.01232267723134,1.67750045560096,0.992281480766138,2.07107219574495,-2.03721601309185,0.391973289643997,-0.686510749525229,-0.0240934191386727,1.49018439752914,-0.483694224932404,-0.482485211289089,0.121038119855162,-1.92263332204364,-1.5025030710015,1.80914652774069,-1.37851657400628,1.16623339579516,0.428949021740376,-0.087593633505916,-1.55273446281726,1.26946954039711,-0.207161137870808,0.326351835809405,-0.990974759671127,-1.19066386710669,2.02723736886945,-2.29674972120658,-0.388603816345435,-0.933202938502891,-6.80451786794948,-2.84212410511054,-1.16244040944698,4.56914156234767,-6.775208566021
0.174578885949515,0.550024368321511,-1.44991432548305,-0.96664307820287,-0.0152622421645196,-0.154603207954534,-4.43594046128258,0.387760266863187,-0.415767764098529,-0.369821081262332,0.85133168811438,0.588355151041959,-0.31717134008923,-0.869805970500202,-1.45185682353768,3.20982923502153,1.49275502173868,0.986148453165321,3.7555493995291,-1.63597470503874,-3.83327756044227,0.70809622617357,2.57113975298456,-0.296818096609659,-1.40688323913949,-1.55734394184017,0.414548671584706,-5.43008195031471,-1.78610757779544,-3.01528834706071,-1.20076022547937,-0.938363880805181,3.17106012539594,-6.31589155140722,1.45635401661998,0.98886501459998,0.161831453852049,3.85440296866314,3.75480105817603,0.795991072050214,0.55681546531563,3.09127751309707,-1.84563061203272,2.79652517394105,3.07366980082747,3.05969214202514,-2.98622022087068,1.95710865718346,3.05753402319349,-3.23839491288483,2.58124275281243,-0.730332324611903,-2.30713217134012,0.690715454476356,2.381382602145,1.66643566259613,-1.93049791970467,0.981977504721012,-0.697021030354555,0.0701138254557575,-0.157076275878637,2.26537566971061,0.475177308630142,0.176235185176438,6.16861772335632,-1.35500721948431,-1.63350607882206,2.87382939385283,-0.780282314655499,-0.533568738066864
0.248355047007436,1.26908405350022,0.228765411918757,0.011276406644816,3.53404334185779,-0.043766778438469,-0.079729306320355,-0.936146500019214,-1.10494087149109,0.230646421084586,0.573010430026777,0.0592810421529551,-0.624621588909639,1.82677092141278,-0.714042606820197,0.583626227580537,-1.77192877655415,0.259841640706995,-0.265202730562341,0.641555472818272,-0.347436640039347,-1.69968690115289,-1.05892208468516,1.2241184135252,0.676190424805391,-0.805847411814821,0.663706376197128,1.80501966721136,-1.05082646200248,-1.0652268841688,-0.320180917014527,0.996922029198215,1.14641925801822,0.89403457349709,0.521754286620247,-0.299456966923004,-0.918784505482507,0.768133474845059,0.526426172075764,-1.04611478803929,-0.000227704406845275,1.52432548925044,3.15227134672426,-1.29223175586425,-1.40770990805198,-0.149952623231244,1.77660594778478,-1.36878610692389,0.765052661534386,1.00897725471182,-2.52752149880551,-1.0653403953515,-0.0416691113925999,-0.779657938614314,0.0102210683740971,0.770773152395878,-0.00782440382602997,0.57231004055802,-0.385895894216452,-1.12043658369181,0.0900286856974027,2.58700429272773,-2.26740160022246,-0.299214090231668,0.893051845017872,1.25838572178656,-2.428824680761,0.594743214247351,-0.429514950305154,0.781258582566624
-0.319173226665022,-0.154282625504971,-0.022590450913751,-0.569249892602537,1.50276311167283,-0.0373403161368102,0.531456567931734,-1.12663373932098,0.827255247062809,0.665381204558546,0.0698686456878125,-1.14382469191596,1.75541164534735,0.578402572126537,-0.372499926080067,-1.40982952146065,-1.89302473070638,1.07757545266818,0.702893937330224,-0.350804610298684,-0.145199410775569,-0.68778629807676,-2.42717443885242,-0.537035273178477,-0.213565306861249,-0.211219893791255,0.551353580226209,-0.767248350026648,-0.765385972471606,-1.01782008067963,-0.231258055857622,-0.188853125811985,1.49125391631202,-0.851203759085034,0.13860472949471,-1.00056306863705,1.09439076142305,1.23783560113428,1.76594418956406,-2.46674969745404,0.77588951254298,2.43678655443007,0.972125529873675,-0.0418056225576209,0.580475866595981,1.00087141402656,1.03798621737016,0.460059655710815,0.966246518553879,-0.180662728591114,0.868091714254471,1.87272135145082,1.20023720053086,-0.254318590587938,0.656625196677187,1.45722535263245,0.427010330778867,-0.785556783006283,0.0827515948738444,-0.974142793082618,-0.6295797602794,0.600764697737721,-1.26586079994627,-0.572270226137369,0.202018494173756,0.998633310109109,-4.24991252222744,-0.766640433501677,-1.70645661155555,-1.7050452540382
-1.00311464531728,1.98295611846839,1.87585374824331,1.51555780465761,-0.57387006735973,0.716516923879708,0.766374727628593,1.00428367597164,0.127313920823853,-0.621144262055719,-0.786265338622026,1.34666418622604,-0.57260324415949,-0.53686321703682,-1.44482868562895,-0.205740511267019,0.0123108642121315,-0.0854564629361513,-0.750456083169516,-2.24601684414049,2.19000700955972,-1.17757977819011,-4.0084698567286,-1.51252404357548,-3.21278874000104,-0.875410299931811,-0.836116154237366,-0.833083464662214,0.493714380839211,2.56360620952129,-0.357707038480578,3.021243687736,-2.93199415893024,2.14951893666297,-0.593688136375151,-1.23574444447981,1.06652012105288,-0.181030184778668,2.16422159609154,-1.34857485848187,0.31907939795044,-1.4981772603447,3.28360561903263,-1.60382499396415,0.557484116552932,-2.57363358873736,0.897656594025778,-1.8335754231592,-1.07795033336146,1.84188727965723,-2.38114192373282,-1.50652538674664,0.0256956843383779,-2.59004054911944,1.8731257961689,-0.73608230931422,-1.10811082677137,1.79390453883643,2.26782705308002,-4.3293031059382,-1.84624464943446,1.9790420374338,-3.76648529042155,2.21119441067251,-2.33180261856297,-0.336536736497808,2.25236826350499,-3.13281812054046,-1.34176348892736,-0.11102950680468
-0.440212665814462,-0.00730743049706748,-1.62722019952445,1.33108624116078,-0.0422143187591263,-0.674614868594437,-1.71862118212363,3.44307044090503,-0.0232622525178197,0.0108369600795782,0.377879811952872,-0.173066421588006,-0.971421487167642,-0.311549739400832,-0.187067868566483,2.01831531647604,2.01239283900522,9.57561512982368,0.00896096743215169,-2.29376682039054,-0.814250292161834,1.65960765062083,2.6895147785259,-2.75412193932938,-3.17953941040347,-1.92807349283989,-1.65975960496163,-3.16175875617673,-0.673418724449357,-0.441251907465162,-1.94471717489253,-1.32221815809117,-1.11435623894667,6.0825510608756,-7.05654598272327,-8.76169007778178,-1.7478457240666,2.18809998616452,1.74186825025691,10.0328634177195,-4.93612353561648,-0.645979466999455,-3.63821638121822,0.43077811724448,0.493001186616117,-0.345086951784737,-0.905690481828681,0.345339233382426,-0.921069504621349,0.0113945278998718,1.49973489624446,0.439831464928999,1.6229381712924,-1.4667795849933,0.419164749656963,1.3947443124488,0.708718569705986,-0.789417652084898,0.388362681774526,0.99079916485091,1.00849627586598,-1.88297644370929,0.829358897918514,-6.25697346351647,-8.49984540023259,-7.08959816201077,-1.5794520326795,-7.9985194694188,5.23938101524919,-4.49705080010588
-0.124484540632739,-1.86627856641132,0.790156527141678,0.000901988520537576,-2.77167329361356,-0.41816234794963,-1.1398862587663,0.503051320707999,0.504727664910497,-3.54767569518674,-0.00937056864549878,-1.01463824492945,0.613270066180126,-0.921025130515177,1.32241201850789,-1.73994197453694,-1.10185017320218,0.63344060235049,0.700298742908995,-0.964591456747318,1.15564007013377,-1.29266477989954,-2.70096935398773,-1.94882419246053,-2.9179146034069,-0.895472138287136,-1.12906529030594,0.381169803656337,2.29818884980984,1.71764215008286,1.6057589027412,-0.610619204856662,-2.05160834804107,2.97247220183689,-0.559792685427702,-0.760853244390493,-0.127056219118346,0.231597892789594,0.908866981267583,-2.99508062416587,0.932777446498922,0.455260283423022,1.94994564025516,-1.37583454044355,-1.40139802122613,-1.24465538578459,2.57441227082509,-1.86510160796598,-2.51523012185333,0.696168509347901,-2.26136179852874,-1.27363492890672,0.78057255482557,-1.53299558879893,0.108354834771276,-9.1020130304511,-0.653722448328606,0.390703392976289,1.07169362161966,-1.90248984007585,-0.764760563148508,0.859169625467321,-1.1178139438624,0.879553165735441,0.977404184416584,-0.144711789555044,-1.96025082750334,-1.01869277750912,0.109732729814751,-1.93208404200733
1.38031888279634,1.01746366444451,-0.891854991540278,-0.49877252534109,1.31307009234643,-0.0382377404827997,-0.924907213510169,-0.677017489436762,0.157220561713606,-1.4477020322279,1.62488655571253,-0.0388148477784053,1.12455475502491,1.3570955800239,-0.393039753756233,0.944728314832008,-0.995464731064187,0.153978522268964,0.6630117335845,1.07293704654182,-0.484723363046764,-1.77233859082621,-0.767814923621611,0.3827651612012,1.6854620509785,1.63010598111726,3.4211044125116,1.5545242523937,-0.439295578269507,-0.256952114392806,-0.128530380321535,-1.06152912666875,2.42308841171835,0.258007800205552,0.422101420473815,-2.30201473352909,0.940970475120206,-0.55412193615013,-2.31197249295313,-3.12675106498898,1.89375435719985,0.660741413121865,1.6816336219691,-0.995939669410919,-1.0798692993981,-1.20077672412161,0.285643090230049,-4.00987470067082,-0.393851785622317,0.963500694680345,-0.673169137046306,-0.994994743428641,1.69221979162301,-1.29979794356963,-0.526954402555564,0.244696731528762,0.428668831407532,-0.430589594637303,0.46023298596598,-2.21519863358062,-1.54266207280069,2.06566433831989,-2.34415302329112,0.113731559797956,2.35007160794917,-1.48941206386297,-1.79341034663275,0.601646245173706,1.52717526650226,-1.1186904106627
0.247193079386601,-1.53001904323718,-0.7153127751663,0.192467571809598,-1.11844438665139,0.52135983880639,-0.413535788064261,5.1796037340688,-0.24360084405526,0.807621406351211,0.900716084550845,0.0385168715364467,1.26719217567387,0.640100136770351,2.07731181965411,-1.03735686193804,1.58194033018305,0.944660164548483,2.06626765769348,-2.71121340867236,-2.17793659781936,2.22631645013888,4.13219962637065,-2.16649124967844,-0.954074323948068,-1.4789492306259,1.01855204442943,-7.03131297296397,0.101229665013266,-0.709692849140436,-1.71380932455199,-1.99923264538344,1.85756621811639,-2.42393099273207,0.0758987403303054,-0.631127641632328,-1.32474416257903,1.22152528674592,2.61173420372894,3.94275760682732,-2.36271518470405,0.841901542450818,-4.63538448011584,2.38424501286401,4.63067448367948,2.08691686377893,-1.49829829365003,0.220702269458404,2.30099121231968,-2.09234906851746,0.891192837563901,-2.91775288935507,-1.72179793315609,2.09891735871556,2.67828557403978,3.36997228974188,-0.742458884471733,1.57848833669838,-0.0491587681202947,-0.0486674788161812,0.789605125673907,-0.318298973881027,0.70582821195396,0.603702911598735,3.07682064375846,-1.39917235593569,3.94049063571867,0.157802582415289,-1.30584023293046,0.957023763781248
0.635107429774058,1.62916677201426,3.59053654351158,0.770177188363795,1.51177087698019,-0.10912219225395,-0.88719025692155,0.536775666568658,0.556019295564883,-0.365225254336164,0.508397305148424,-0.607882592869723,1.46003005055112,1.41271599670963,1.98998435478983,-1.8550898839122,-3.20311642799824,-0.729929276419899,0.64321282037262,-0.861502113314213,0.947589830578975,-2.02369186840138,0.885859075573104,-0.652915793377825,-0.643336523369989,-1.05468470816727,-1.11727184031939,0.662391620605093,0.437094199111337,0.75293314394379,-0.46127056653188,-1.00568478568637,-2.65358935974801,-0.797598916847153,0.222869326710545,2.8339098257858,-0.470266080672474,0.552545047721352,-2.43235175203703,-1.73064079944563,-5.57757146235671,-2.50625281751891,-0.0986222855798531,-2.04899506055656,0.0908226430436668,-1.90633668199057,1.47843256736367,-3.05008160957093,-2.28670536519402,1.11306832075755,-1.87641275658955,-0.421708882913451,1.33923873257349,-2.36505597443782,0.497297059562761,0.152069003569203,-0.355173698379175,1.14797300330831,2.60520522219086,-1.53281338910842,-0.646572138906721,0.185418686814447,0.134305127030881,1.9141550135517,0.0313402784404196,-2.59320966618276,-0.969426437684231,0.231386300684481,1.98439905344469,-2.45250005039642
0.831272388370493,-0.603583179050025,1.1429559644816,0.375108240114681,-1.82773371115058,-0.191167638465103,0.896416526381583,-0.118200041491742,0.0866220853467271,-0.0343271032344361,0.0866891572738587,-0.981107215596402,0.432861919465329,0.175227488807075,1.16965488214986,-1.51013097009205,3.9041388947858,-0.0355761054637387,-0.35709282959058,0.721474255513809,-0.182201660943515,1.33908778555084,1.24083661747058,1.33986048245716,2.56200970458377,1.17837437711268,-0.811972825327795,0.204047073424083,-1.14148237679398,-1.83355394699905,-0.429028190207968,1.55691192877889,1.15240490787133,-0.681623027051866,-0.108661460383891,-0.191689226689791,-0.843971538982334,-1.09802193168658,0.0320990413217442,3.03080819282121,-2.75383481355193,-0.325717330698977,-2.74138502287349,1.83194165174612,0.70050457082952,2.60944110171501,-1.84813283857165,-0.261176583379333,0.00999099200090603,-0.4619121018237,-0.456150461101098,0.550208723033586,1.63152914916061,0.193655163746033,0.941368408427107,1.19219261239928,-0.781808078575674,0.527098866578475,-3.46785754643974,2.54542974397219,1.04384532021247,-4.84567464577442,2.46283607763358,-0.0235641672697922,2.0762051668415,1.67353032182894,-0.0296159407430485,0.916299702838834,-2.17258712043624,-0.248239021866867
0.0682679422404452,-0.857431720048914,1.6784388576261,1.73939610771753,-1.90048264329812,1.21219743630223,-0.0532851120279616,-0.235943326306311,0.959357023633474,-1.13733020732468,0.639010537812343,-0.336100877629072,-0.972895671959334,-1.9038442420963,0.707644995306016,-1.0170822064735,1.61988597095848,0.00688592309632394,0.46864459875228,0.908920448614717,1.74413932789084,0.479143818069035,2.66242977282427,1.48295239489024,-0.775119914275462,0.00741891978412668,0.999295004013674,2.1784876614379,0.192894563483968,0.334052311951332,0.246126752985159,1.64626921371393,-3.35713618439173,3.16888742057598,0.1931418084991,1.75221780560769,-1.70964015942878,-3.21400659928945,-2.44612228413427,2.26211804943752,4.30453150357942,-0.22738883794702,-1.89052324213319,2.02042891428522,0.38846011891594,2.45331611428318,-1.23827628134987,1.06991232841857,1.55380430475403,-1.49962068419195,2.67663825422239,2.33021291388975,-1.53163722282694,0.708175182556766,-0.272960283451239,-1.84829444545572,0.430545614261725,0.250394419107171,-1.74085427938372,5.32169451211285,3.25431521709976,-2.7129199550676,5.63064952207224,-2.66513187727715,0.954139421967342,-0.651976399517135,2.74173125939535,2.2986273086135,1.35580633120287,-0.309039102007502
-0.60860667734539,-0.270938819073639,0.0422096406816826,-0.495886720265474,-1.42153541189873,-7.76169150951585,-1.40174642032693,0.484600460971425,-1.57989484280908,1.38939600229621,-0.732467578397237,-0.228006907113117,0.372695083500618,0.455289465080637,0.694318095907444,1.41366039434941,1.65718474848396,2.07161424868751,-4.22288648817751,0.0758125272555552,-1.3421226202238,5.32832965148368,0.0884693306648912,0.669505260635124,-0.498551815310624,0.00109318517200177,-0.666641646469609,-1.36415116903776,-0.651893578079288,-0.990567769058185,-0.921803898496786,-1.17057438023714,2.10969851936977,4.2922746554623,-4.82591587015543,-5.22027026532797,-4.98909362402154,-0.860574214653407,4.17867328796147,7.04275157548673,-5.86310618033137,2.33879301710824,-5.29724723627408,4.0666634902035,2.5935744461739,4.17795791286652,-3.57255045592456,5.17837346314234,3.25438246984432,-2.39323443424631,-2.25153028897418,3.81871383456118,-2.34471291731531,3.60046112192735,1.46270617988566,-1.0426767609531,-0.855071559177695,0.57632029629523,-2.59253958904379,2.89525825467295,1.3862852919099,-1.57264040720948,1.10628513846655,-2.57660598171103,-2.62795258230282,6.29371264385727,3.30924738364161,-3.35999351969265,-6.5461074855811,5.1950095299095
0.486539946436565,-2.27208201085003,-0.33519887640348,0.905064599528595,-1.34737822517188,-4.2931467731913,1.28098248390829,-1.18338982779092,1.52269447116021,-0.0111574917236483,0.328321314014217,-0.199817052616613,-0.63017922764395,-2.83680465305158,-0.665821521883746,0.350405938817978,2.77309717899733,-2.46046449765055,-3.65010321045353,0.548561770324768,2.04813948026087,4.56150641558041,-1.75077759187916,-0.479250466774529,0.68713302786938,-0.895210120790664,-0.383352015396367,3.53223476438114,1.44971955766037,0.90699001470024,0.952566487251246,1.21197354463215,-2.09244891682002,2.69389557520068,-0.694715488820918,-0.956929629055091,-3.58563218050789,-5.30474418949759,4.26043714239604,1.25869159701926,-1.86503351728939,-1.46762788348427,-2.18741759768005,2.7831391150575,1.36988969150821,0.399122340137128,-3.25367811180871,1.82180816211754,0.685936924573494,-3.46758630643588,0.126323685579154,2.02718088285467,-0.222935189352181,0.851003404925346,1.3410281737727,-1.36432183651828,-1.34390829940406,1.72737504426055,-1.45631020626411,2.23496269308856,1.68915734214639,-1.80406282815465,3.69133330871747,3.24155585793734,-2.8075640753779,7.99190801541682,10.6330221599159,1.07027902815791,-5.94735304620608,4.87119054088337
-0.4273511252089,-0.95978668583797,0.534283407174627,0.272840160788585,-0.697516122005983,0.43680072824018,-0.541863338894483,0.00834773325235484,0.102080667105799,0.602560058646409,0.992124999108085,0.263314239546504,-0.00662199393889662,1.0820280912266,1.19238465626674,-2.20137588741256,0.990163060616178,-0.0691150702946071,1.18867483323793,-0.347013043521521,2.01058971989368,0.7244708005564,2.56222466866689,-1.07686436950632,-2.32243676652656,-0.713201215946754,0.833752109288105,-0.816653131260923,2.77447235704858,2.14835615412704,0.81254484126446,2.92522225745778,-2.23659845878318,-0.440441172580816,0.0561044743948691,1.52655370225155,-0.811918366045854,-1.8474464645477,-3.87000353596866,1.05787041654204,0.596903671007263,-1.56575124556375,-2.05459355761304,-1.83428138631496,-1.00287142306132,-1.71794572921753,1.68189880017335,-4.45903076109996,-1.12483648632232,1.17175634491444,-0.178014584449068,-0.822491753316938,0.449497370454136,-0.617603854175073,-1.87985735738226,-0.531029507191868,2.15537466447345,-1.67282389325169,1.37857416679742,0.922757226783694,0.782565520045224,0.152585089955295,0.744666006160753,4.0668056766735,-1.51988094504309,-6.05310154983556,2.21503569659329,-2.67887362576026,4.51331475578574,-3.86714354761449
-0.981635743938546,2.19658204970288,-0.208684112066243,0.890160203905637,0.14580738292174,0.766148230081082,-0.301191504082491,-1.16757275865054,-1.06173482928815,-0.59822986391033,-2.26849779951502,1.47405449805285,-0.809422698507042,-1.82934472389112,-2.69869784010794,1.48110136658889,0.450550342574433,-0.977031577826631,1.00716246492424,-1.61277216076134,-2.39745831914931,-1.30497159551966,-4.65202409731595,-0.124455997364039,-2.79325082193166,-1.14134563572951,0.0743043526075791,-2.97148356104084,-1.40014829338303,-1.39974785336203,-2.97891935310893,-5.38716816585454,1.93693487330133,-4.04235218864033,2.63180500949063,0.791524052693185,1.25369279437353,2.61860334180606,5.52482985266947,-5.12936262378201,3.08397818562052,2.06276144099697,3.82370265170181,0.244551362622098,1.5218691418567,-1.2324956243658,-0.429642612489633,0.776508321609366,-0.676510943464193,-1.07870516308663,1.91918410695842,-0.320223196591661,-3.21400170309457,-0.941092920062836,1.90894623136997,0.125378012277941,-1.10815264533293,0.857851916286764,1.91961829421578,-5.47289373581112,-3.3310328433136,3.07251316537861,-5.64599146048687,1.25701565714546,2.61987123120288,6.41416419607799,-5.60347160709205,3.52660127341993,-7.33149547150789,-1.80744984541656
0.816177124076347,-0.602073851710736,-1.57542228306374,0.990378949491889,-0.792343522190636,-0.0246927241315042,2.64199334051035,-0.755918705244337,-0.644589768966935,-0.4484367672893,0.49782998447029,0.251134862361723,-0.321069653914448,0.16041795616897,0.77937414596034,0.353718454837205,1.23791730557068,-1.70652233813611,-2.65807092364176,0.542636492831691,0.802624632561389,1.01316534334627,1.13298789624973,-0.285708300770769,-2.62429858844154,0.576420139247534,-0.154081968988181,2.13097752909193,1.02218142411899,0.825521165430921,0.643145067116364,-1.31910990514918,-2.19133097322749,2.16791304235579,2.74162654488898,-0.845472090008701,-0.24854507074517,-0.768601664146417,-1.23626766641604,2.72094210809256,-1.24945713147962,-0.846851656864847,-0.713922863789275,1.12898430400642,1.1965713035137,0.85962519490328,-1.68903931295811,-0.394550687844224,-0.838039476155257,-0.693860546971539,1.46166033554262,1.39238538079296,0.678166369681473,0.378911473508537,0.65601721396768,-0.780593949595841,-1.80460556194794,0.823537489983502,-0.636336669588706,1.57541864813479,1.11832409961055,-1.12443741071387,0.555952324757336,-0.144352340742007,-0.817287692048814,2.25041880636646,4.26537440953519,1.23195842205463,-1.59585305221142,2.45058641307757
1.30292621545734,-1.70819595730074,1.62326758775855,0.429373703295334,-0.592336305190824,2.10787777845995,3.15455356892383,-0.182643932847263,-0.678388908733584,0.305212722115519,1.77293919647334,-0.957134667247365,0.504611031052399,0.162129502695926,1.33378698117259,-3.16006152880679,-0.690631722927771,-2.51945351131932,-1.04545631531192,-0.832789758942617,2.04942704800616,-1.02026609773712,2.19789318077612,-1.27471245599021,-2.33201810468976,-1.17178031439773,2.25494747459083,5.70869666759164,0.444912108271328,0.524546748486101,1.02976374034671,0.818664506441399,-2.30477063824138,0.58754505017792,0.409527387729059,2.37065175826162,3.42651501882245,-0.760642102372908,-4.14264643194062,0.624214494571291,-0.224513958632198,1.25091557324446,0.531123547144061,0.73770595416242,1.36924696488875,-0.306423143860184,-2.06560129499618,0.841060884709724,0.591450951319659,-1.73784414194409,0.893415476910812,1.31158837483259,0.0716016663130827,-1.04592718385608,1.27961969514729,-0.459907293733047,-0.311517102080098,0.594405358618869,-1.71557726268564,0.34635973724728,0.84682605420776,-1.7868383045335,0.74778498795673,1.71411024652331,1.39077115252195,1.08806826698083,4.10854219278086,2.09843599458433,1.31368289925885,5.05927391466037
-0.752151697307443,0.670282670932483,-0.0659686413276209,-1.11573611935889,0.201960321942913,-4.88283464383856,0.0719305199982756,0.656269294691506,0.299659053603835,-0.829623805787099,0.695425896167887,0.976560554098181,-0.203577507847148,-1.68128144877741,-1.77645227001958,0.201982648166971,-1.39200408976214,-1.61611933711757,-3.20765563781806,-0.586966183782597,-1.40751293401048,3.66931883687544,-0.221291672466444,-0.133023648572057,-1.16773767013932,-0.0648638505016493,-0.0669233023689467,-1.26868668346769,-1.82595479040192,-2.54319135389038,0.133865687318018,-1.41851216278225,1.79434400695937,0.730685686011454,-0.852209221417257,-1.13909603911613,-2.56193323772867,-1.53839874770396,3.54297353045524,2.50126141218382,-2.93366484067677,-2.2508649466457,-1.28317506839993,-1.19137803986447,-0.111898080297622,-0.952829109751697,0.108234105826373,0.385134086420574,-1.27164690675767,1.43321753865073,-1.91479544424141,-1.95535043125891,1.10695292485729,-0.72958710112208,-0.75117179366998,-1.09250489198759,0.467012174133943,-1.33137209147843,0.108240034008333,-1.67432562997357,-0.303699243797741,0.856778276661642,-1.97052054961446,1.34491833145955,-2.78031176684169,4.53417685691629,5.67790785785584,-0.885118474341834,-2.21492541720366,3.1073629340558
0.66670936120289,-3.5325114824448,0.00978152453771387,0.00244681582235879,-1.04191182484259,0.139734157081205,1.13233988655372,1.14397467174401,0.888170252395768,0.261794810348492,-0.106564791208773,0.529945759571662,1.35954900010222,-0.438367312093715,2.00593679192603,-2.57508581433744,2.23581341398847,-0.233421985278017,-1.57297820678106,-1.85045387686619,0.866780719287587,1.04210713538793,-0.731468722168869,-0.633301128404302,-2.1489951154364,-0.21874501823865,-2.91499703145038,-0.192630874149668,2.09501235044266,0.0646670433620014,1.58785532020685,1.99134677856416,0.937117806572204,0.279251414132889,-1.12193130974496,-1.69234300624244,-1.35791676727317,-0.374077673337983,1.20967968403946,1.9835136929577,0.113283013622661,-1.00158829389108,0.45512320697514,0.297518395577249,1.71860170190509,-2.5406077011001,-0.615773148898807,0.251094118913443,1.46097015649524,0.454387335857019,0.379188898294011,0.830751266246975,-1.22268527161301,-0.307249703565234,1.12376395067811,-0.0672979176658276,-2.10533090184249,2.11609942696307,0.124978859476685,-0.522636322785508,-0.124603823172782,0.387875519073743,-1.19619197638903,1.01404890883524,-2.40561239655018,1.32391112028104,3.30144606052386,-0.978168869893162,-1.3070450813647,3.68259546938515
-0.0562925371466894,0.571889303367526,0.970861188792765,-0.866739770795177,0.786338761114719,0.269607416251169,-2.19011111031667,-0.0575294597421569,0.62692560521079,1.4243709338905,-0.862548363072352,0.36602584789766,-0.919834447712732,-1.15146541273725,-1.89011304071327,-0.287531215581269,-1.74189782725793,3.07054781689095,2.17386375056466,0.928116495650152,-0.0708349264897552,-1.07212217228249,-1.80425826644926,0.0146855718645905,0.191973617252451,1.83888868689625,-1.35440185468309,1.3516633095233,1.81277539688071,-0.434956920502922,0.768778375704523,0.750484044951501,1.12185016419217,-0.0857523016266103,-0.177417897757513,-0.636303198169708,0.715894356858502,0.506780613975862,-4.8455587705938,-2.15053853211787,1.30745801918566,-0.285576905518282,2.72002618010138,-0.718925535160231,-2.23585337734158,-0.27451273714269,0.904343993782865,-1.36011329346794,-1.98893183476965,0.599417499516113,0.347332672919236,-1.34117537259702,1.83695011501033,0.408318032560092,-1.20289298431579,0.525105417667817,0.628052715177275,-0.354848459192607,-0.306337799119875,-1.50390752287555,0.122975883899869,-1.01747030482658,-2.16982833871222,-0.582094853591518,-0.513504658746455,-3.21735838495536,-6.72785871480129,-2.72209258815786,3.46194281878723,-3.03437836593394
-0.3853712795693,-0.88484177416513,1.46088412413092,1.07540717927288,1.25618309948121,0.0453150773391714,-1.32215251194459,1.34946518465885,-1.82047939497511,0.610954773485361,0.871196660847756,0.244706958807997,-0.125181431727175,-0.918567499515706,0.552063423703878,-1.63064707296805,0.251968971067343,1.89478507066678,1.76513506325906,-2.33093074315334,0.0255030791147628,3.65108219313181,5.00774824052042,-2.13157947290678,-1.92747864149139,-1.41037902525696,-0.115281240885572,-0.974509127808645,-1.05784286927152,0.581700006118403,-0.637639401390292,-1.55690792559946,-2.12284698248094,-0.485371315182609,-0.108492710034263,-4.13497017555514,-3.24876385443004,-0.378121003324075,0.874206107362043,8.15059402431276,-8.71994122065616,-1.61285820646951,-5.99427239596416,1.48578235570981,4.06205917743286,2.30451658794138,-2.1574390002677,1.21633943090529,-0.303724062886287,-1.26426404604519,-0.578726648570989,2.21108657370945,-2.51234858633549,2.18454564354394,2.55846084249203,0.215685420465541,-2.28920173419726,1.77730059427571,0.0274932506499629,3.40416698732365,1.34940233012884,-1.16554710958104,4.20776136790041,2.07447480717465,-0.59276697290638,-5.43252930488287,4.69738650451123,-3.54098881983417,1.61670339810534,-3.04269678653071
0.183898582148699,2.28895958448561,0.6061095138515,0.216117180070014,0.634832102417258,-0.508039733092164,-1.19402842978766,-2.12893031469609,0.055695119560187,0.729465524577162,-0.425220838717675,-1.25923941422271,-0.30896366379718,0.348292483649893,-2.23625955505751,1.35545860356486,-2.10351680615528,1.82425032168327,0.492903804241779,-0.496623541385688,1.36350114254129,0.465782965682492,-1.42589789136051,-0.27215584223728,-0.86789915131261,-0.471089150110642,2.13637437547444,0.297292737011246,1.67258846860582,2.16451148321744,-0.310010527847083,-1.60303588519134,-0.5706946862985,0.940093465082191,-1.2205085641056,-1.19418957033635,0.802510863750514,-1.92235668481439,0.0705209267436835,1.13454669288304,-0.679293157379118,-1.7614188218375,0.925974516640803,-1.62249213101132,-0.728085889062744,-1.16982409679849,1.26222598210027,-2.95015115865757,2.05037881206424,-0.0376785164736555,-0.140316282214536,-0.81739268437314,0.88034744810419,-0.6976004271531,-1.68132064626818,-0.962643235876473,1.36039257919414,-1.6263431828784,2.36000094490371,-2.0254888014357,-0.767578716277142,1.12521166851415,-0.683336778037885,1.04747708033191,0.360757476306151,-3.005529302095,-0.157918928260615,-3.09100642348667,2.28425003890806,-2.07169499215112
-0.831742429059338,0.325856766307858,0.00369562100472136,-0.0286164157692498,-1.5027377894592,0.301262611816693,0.00387730531928698,0.0627294812634014,0.920337271419524,0.514893690772642,-0.167546768614294,0.458353498875283,-0.171102905756655,-1.11138014284883,-2.97621505303111,0.48038182004013,1.63311281812148,0.950783975007924,0.0240526551550348,0.544808425006407,2.35039646562349,0.35569953645766,-1.96774032133005,-0.062199210038893,-0.383308472458616,0.305980482667407,-0.905400111710705,0.370918043913782,1.66057618634289,0.134158998849743,-0.00823829006344634,2.8786253271576,-2.01264314668257,2.62644001671051,-1.03294153893943,-1.56223993166149,-0.55211032061369,-2.207846651304,1.17781496374924,-0.640927413410429,-0.788843919902682,-3.93926009430566,0.669383588819606,-2.67013047884752,-2.8061310279234,-2.54192392443117,2.23830613699725,-0.936361016049649,-3.86365103758547,2.63424127546423,-1.35769580630531,-2.94582737384363,0.972375009426703,-2.13609201488327,-1.67606780768662,-0.704273267232556,0.975188118339255,-0.174111619173544,2.57129861317158,-0.471044198272792,-1.37372571425026,-0.2072596035123,0.61647808941965,1.11502730712143,-4.53359064632569,-2.33630444317512,-0.529703315361259,-4.37176351715609,4.77743946320071,-1.24540885786105
-0.0132182603106197,0.68379634497927,-0.238413485750135,0.511095555982953,-0.00541332862104799,2.36305838554963,0.89888925542681,2.13666326671345,-0.240962879728645,0.32808358551494,-0.266306311038179,-0.539094510525512,0.457766057766354,0.0642163190339463,1.18104269208983,0.436751297668706,0.847925755973385,-1.04089778972237,0.948160183238718,-1.02061646094533,0.241514630142101,-2.30909756912035,1.20926615817753,0.818481442422576,-0.191262381354768,-0.720152842928732,-0.152529231232485,-1.7034844632705,0.664602770226265,1.80949419209936,0.357087409889966,-5.83825700891347,-1.76664510561675,-3.05518189395165,1.43386493819351,1.29730875944387,2.49243661428778,0.602383116526988,-2.94960689047921,-2.03674552006497,6.09085078926486,0.78173097729001,0.129498657922114,-1.56552628050985,-1.37998083088272,-0.476146352978304,1.2707786298753,-2.91995298409872,-0.0417184456610875,0.423558019466611,-1.78992088968458,-1.0377382405683,1.99650195681581,-2.30602804714743,0.389726563869335,-3.05768610151444,-0.0130761543145615,-0.424271072926952,2.58245707333771,-1.87951874839694,-1.65870437836009,1.21774328284883,-2.85808160336834,2.06789384856708,1.16167765365021,-2.72400397018918,1.1395488032003,1.57838002840215,1.83701570763178,-2.65534448680868
0.870010008712643,-1.7196108438765,1.07436605200724,0.072466152162156,-0.000261845100003628,-5.99150883544274,-0.592939254943553,1.37421868344679,-0.709633315564468,-0.828564211474404,1.62227922074436,0.644661005166899,1.18661266242238,0.355034467420201,2.7197747441439,-2.77646398026443,0.0956276933395519,1.88979077711536,-2.01088149259463,-2.59582589830699,1.41757131075487,4.84685723790819,1.04378546239982,-0.175999145325872,-3.23559961853644,-1.63462425231488,0.392676854112817,0.0123400658501369,2.80773432655961,1.51438049576833,-0.375905793425681,1.8048538563211,-0.70924581424987,3.32163803928019,-1.67810965359098,-3.42438448226135,-4.38022699952524,-3.02480338159566,3.32838299303136,8.26144468503623,-4.92146732366471,0.220219605087108,-4.09322832243393,1.92180880941505,3.69516964193781,2.37021907694788,-2.95378515257673,3.71306127201526,0.99033821034999,-2.51704552650983,1.63740557703978,2.57448546386968,-2.05582774766393,1.68245569502151,4.13700528986085,2.46099353665023,-1.50021368413655,2.75256371848487,0.0333446101736119,-0.434953797254348,-0.532012689285169,-0.298727213970745,0.355323171370238,1.58327246505465,-5.71784225723321,-1.47321544551055,5.65612808894356,-4.49537828539069,-1.61484428269131,1.90855711423734
0.00863962582483734,0.456419408780439,0.377441114995038,0.952963665377733,-0.369610194276083,0.72935210167608,-0.194748133611417,1.92290848224214,0.159374761607263,0.309913676639767,1.33285607463292,-1.23062852202937,-0.883959491185256,0.0277873773704393,0.112177375960141,0.257931560038367,0.3820020228039,-0.703006485570477,0.698564426709615,-1.89753703699065,-0.755079377198209,-1.01552700497739,2.45834149974908,-2.4130461458339,-2.4565655709213,-2.02736652621255,0.535735852680855,-1.16072307445067,-1.49626013621811,-0.462473269422835,-0.0500133924867648,-1.36481945814989,-0.0247919112348568,-0.854857189392035,0.591410393258964,1.89136124142501,1.18329692075153,1.78850155801296,-0.346971326959015,0.236353669474818,0.530678283511492,0.737644304071063,-1.35913305980211,0.200781254748972,2.60145519310923,-0.487178268789912,-0.991293191369191,1.19165581185994,-5.79430302299284,-0.296829538400697,-0.443239977628596,1.44750314528712,-1.64757887023343,1.41184657797382,1.56338490846996,0.564648892683859,-0.752600336997873,1.57144269249092,0.234912828159126,-1.42242049510821,-0.444482538467074,-1.16050516693424,-1.14032661089085,-1.57233931459432,2.46086142194977,-1.78825034742697,4.56967865999179,1.45810356642912,-0.869806198722652,-1.30770826093202
-0.199022001676693,0.699401129346401,0.209891625335897,-3.84690358491093,-0.0838571819330115,0.857565110379748,2.06090281405882,0.614700554150735,-0.447045683708048,-0.227673808702686,-2.38639096719284,0.254061974233204,0.521524171335866,0.327061523450734,-0.592775269445551,-0.311046746270686,-1.23255015292873,-0.502597492081359,-1.17758202872794,-1.82070781328348,-2.0745551407773,-1.22184489594075,1.09790689612894,-0.115546644171232,1.46155753712825,-0.458419439884775,-0.196096846452536,-2.38208695795574,0.214009178405112,-2.05747586303291,1.67008299769662,0.989579335268863,3.47734122281752,-2.01591805307505,0.266376889497785,0.111493805718135,1.01439282455383,2.95743649263337,1.63230232417438,0.48236251875245,1.81424593525089,2.14317106101098,-0.453483845922221,-0.293345603239302,0.454411749738623,1.17425902330058,1.45434556241608,0.437618670832355,-0.15980385494449,0.922082690101753,-2.02544236742765,-1.53747690561584,-0.526721678794305,-0.856658898855873,1.60891944018447,0.816040710829073,-2.13018804123172,2.13347019443706,1.99764103132233,-2.57922054502638,-1.76031456826807,0.630964737058738,-2.35299089603381,-1.88740221658752,1.20387132746565,0.356599562577301,1.70643014725326,2.78338224530885,-0.766749776492071,1.34729767139369
0.21265656254346,0.915302072819104,-1.43263383828991,0.958200349067932,-1.16926782929443,0.349405313792362,-0.842831436368879,-1.3392514392833,-0.0130502616169806,-0.225029189675639,0.750207316365474,-0.507512349198894,-0.0989210238355906,-0.806497962267617,-1.39124757582388,2.78430669687663,1.24437147996056,0.319909264105113,0.894187310469768,-1.00427161571976,-0.646644415996336,0.163486510606744,1.63354355497267,-1.0958626036477,-0.348193391560191,-0.518939435097608,-1.25375785898764,-1.98962731346663,0.030885069556654,-0.325704551717554,-0.907991021066344,-2.75939335479413,-0.365280897526329,-0.780180102199268,0.278574504315735,0.921852199607198,-1.03016685466507,1.25925052232833,-2.24753813226126,0.929618686623828,0.174901841288515,0.571715591624482,-0.515856226006061,-0.260901252661834,0.621601504402479,-0.222804694262098,-0.521256724912575,-1.1980781055633,-0.00529723590067493,-0.288776238164852,0.935020880344631,0.246637899036846,-0.570463356920353,-2.95798523911042,0.465414898725349,0.912684358343626,-1.01175685620926,0.260497579983995,2.37888012113889,-0.534351401203126,-0.355817073806899,0.546145679686175,1.71508445621036,0.382119046298441,2.58100275738398,-3.17244451479977,1.42470306038667,-2.16645740314178,1.81522434012529,1.11424812811173
-0.0413635117724902,0.000810566334587798,0.481222000786456,-0.744868549420595,0.657628146735559,2.61991264051451,0.74883187462741,-1.4220303054871,1.03849672187549,-0.990607801829908,-0.63978650277159,-0.253108612807804,0.155801507610371,-1.04126155582992,-0.176111506203034,1.21795673439365,0.612948633671538,0.84113043325956,1.03609997000612,1.48774380829324,0.665781663899389,-1.10045195617784,-2.25276740283807,0.279440387392627,0.877809943439762,0.670204694992843,0.233338404123382,1.30431014036613,0.486813505182397,0.353228532384754,0.591265350428348,2.21745824411936,1.72417458392749,1.4605451860695,0.968663180418453,1.55791818637741,3.36086228835981,-0.232785717542224,-0.69210578587007,-2.54722976595411,2.03926032063681,-0.968970418347136,3.04795741312364,-1.88360220924782,-3.35144189335562,-1.27227929366529,1.51005243122096,0.394462488145562,-0.249073992818579,1.86200437986001,-1.31614155905354,-2.40651020670424,1.79833554904762,-0.770919782731878,-2.2146481870344,-1.28971661028774,0.727933992932037,-1.41006779162948,-0.0563209309156031,-1.67000418809128,0.0412147936133478,-0.0401918447222434,-0.32848396703595,1.84414987207353,-1.74403523119845,-1.49602675867822,-4.86838859351488,0.518518719248854,5.229889371396,-3.14571193054604
-1.14752249741455,1.00383887423516,-0.34347037248031,0.359472779775206,-0.523842745050267,0.650927441626599,0.39950894090519,0.0643114927600536,0.6646875054301,1.5030642491496,-1.1056740084633,0.633191956235083,-0.774407238268805,-0.681685486790377,-1.16111949743716,2.34905244161742,-0.690929614370651,-0.924537608432909,-0.387158034087812,0.442383256793003,0.0704415555252684,-2.3959760228298,-1.23684342184952,0.373303714066818,0.337428207892854,0.76387585410172,0.377101688826615,-1.65432799827554,0.42716278056872,0.51532409583736,-2.31466628847316,-0.451837166341968,1.24020405754374,-1.35215207175741,0.252213281238689,5.02611016786955,1.60025506942487,1.71563064373674,-1.62717920743422,-1.97012615306044,0.111191608304142,0.27810282654938,3.30367148087795,-1.46063475886141,-1.57877331306987,-1.47573853183822,1.57903728572693,-1.59097773291432,-0.0651565139648913,1.33304952533719,-2.74151332566278,-1.51234556574431,-2.13426323223205,-0.477106773261382,-0.577358459047841,1.46623503304869,-0.221619847201146,-1.57629097785816,0.878839691203793,-0.940972501686279,-1.74171278749068,-0.176779415417537,-0.0498732340038341,-1.33417355553033,1.64453499872567,1.40979237811572,-2.5685493364881,2.96760221328191,0.846876498823495,-1.89522396266454
-0.700074280131896,1.21083234177467,-1.32265887615071,-0.215643349662759,-2.07787390092836,1.61062733934669,-0.297921088290654,0.429173396391272,-0.28264892990511,-0.918300678112209,-0.594995206418055,-0.640569668616654,0.289242393028295,-0.697083506902939,-2.6672973416572,2.44576962920263,2.67482065985568,0.325236259342193,1.52728520464813,-0.273241903015204,-1.07292899177628,0.132790727721005,1.32432785703037,-5.93830220401992e-05,-0.447446536760674,-0.0210285969545345,-1.74909188175978,-0.520178773155322,1.42428547974534,1.11463712361779,0.601177424984798,2.91023299514312,3.817585423337,0.0129967734317802,1.24706143055345,0.50194493418162,-0.332304225547401,0.311630154649596,-0.549399770593495,0.438982282719519,-1.1325898058194,0.884291606012671,-1.69381498340203,0.974005709265895,0.776378852280195,1.78992489639109,-1.53547514712433,-0.763733415875896,-0.00731741556954213,0.0612901038307627,0.906639577401343,-0.191759807978059,-0.404238841407701,0.754934326709172,0.48470155724762,2.33175641020998,1.16844937309123,0.921212497522986,-1.50781987055785,1.53686955012582,0.308197337817996,-0.368461085815736,0.865041560348784,5.73711539540503,2.19252751832241,0.0771316875938083,-2.46549073838189,-0.268802838643459,-1.49045079490909,-0.119110320041807
1.05028713170622,-1.25747025118881,-1.0700550511993,-0.257302445699702,-0.253829908012662,1.29378930022043,-1.28584934149231,-0.419176082669843,-0.0513675884284521,1.14488980674374,1.34169258410073,-0.752813325023463,-0.748061388335398,1.20267261685511,1.89928343852265,-0.872506315069017,1.21094963737807,2.66518605870606,2.23705623837386,-2.20270948419155,-0.882387123885951,0.3754536016805,-1.2223151625854,-0.660363173406406,-0.834848962385142,-0.225000246704669,-1.19306899468871,-3.33625918830846,0.0564424270887189,-1.45066143261666,-1.1732569227884,0.151455849411198,0.273638191206349,-0.486568187346538,-0.469197472183209,-1.59129607762084,-0.635443818566908,2.57252296610707,3.01243426312617,-0.952064195547665,1.43983707573642,-0.594708153894937,0.945668234575024,-0.726074504170266,1.14917643109253,-0.843910677375558,0.526850889870522,-1.59478131404011,-2.55574960783309,0.355368899684869,-1.06683398987878,-0.596583014380365,-0.725629600515706,-1.43480767185906,2.35563001444442,2.58088760468896,0.259344816237518,1.4393008070568,1.47270654902425,-4.32711134065278,-4.68580422274296,2.3952560374239,-4.55972479966565,0.889171236205755,-1.48844836325925,-4.83086208241277,-3.96377581127325,-2.448066609633,3.05923866593439,-5.438383144701
-0.598528372813744,-0.392951563679796,0.192579401064708,3.01036663495254,-1.62331766814658,-1.23443250772205,0.32922697490295,0.703466038362045,-0.574346393916974,-1.27903629775851,0.946228073284749,-0.165283860278572,-0.300569390881707,-1.065555089958,0.470840639608871,-0.308213808459291,-2.24757292181958,-1.01678679503996,-0.0562069199895765,0.396135674743368,2.46417336561163,-1.35450814634189,-2.7547617079169,-0.575740421936294,0.57853409410318,-0.343502024411648,-1.07264269009706,2.18296389488646,1.49312608356421,2.52698035739291,-0.371215125783083,-0.901466996740856,-4.06606281416317,2.54131686017831,0.351072001211694,0.923623776415988,1.26150605664046,-1.45238384362198,-1.05330170734842,-3.65508860632608,1.14069593015789,-2.274183701241,2.72533049776606,-1.84271845022255,-2.8778694127241,-0.548575972940006,2.26050519828056,0.587404377296708,-0.179718603796597,1.46494368788876,-2.71572758705543,-1.17604172391674,5.93793844759192,-2.02705043785223,-0.646940649034256,-4.23743016899505,-0.511553617702745,-0.845191157136582,1.24477598159824,-0.222922901006646,0.783924398013724,-0.537345271676769,0.308369647033782,1.82669299513517,-3.14516598583425,0.158159615602416,-0.222783146588162,-0.6281102911911,1.66748892200493,0.00512604801181726
1.04864063342643,0.363237286250801,-0.884206455861084,-0.0840094440306958,-0.0364319698560764,1.21377035019546,0.773553945543657,-2.17309537821382,0.460008908749041,-0.630612999334458,-0.186745188088854,-1.45457526534885,1.27151318116002,-0.373055303899292,-0.778375456270272,0.86593249836776,0.138105556233411,-0.142076594027419,0.0674289079125854,2.2983969509854,-0.582925022703279,-1.16413584109304,-1.02917526968592,2.70538111664225,3.72117484351176,2.18117977736843,1.63136919826157,4.88778831214571,-1.96963022540786,-3.41837461876923,0.570130999200376,-0.399262644183516,0.037124016629049,-0.394254369500076,-0.65554174925156,-2.09802818902005,-0.257373537806767,-0.482143669902456,-2.67258073564196,-1.69735128970892,2.64866286089232,1.61092687850189,1.57136453269922,0.658345222110025,-0.917311752236038,0.613368601720918,-0.406071626847749,-0.0474670069089882,2.05957578369715,-0.367244924990022,-0.820200512495949,1.16400547260142,-2.36826940621981,-0.0689330661578226,-3.41755453225476,-1.80665270755093,0.830349952940721,-4.02979326931866,-0.873770706657412,0.73531926027321,0.905823679842011,1.22349866533514,0.628087345930984,0.142881701713377,4.16351217046743,0.37778096858216,-2.43989158008627,2.00555175740013,1.37380744798697,0.209755785826435
-1.20069074639855,1.19577379622639,-2.49657298058233,0.192421073685617,0.992147758968104,-0.568153535334218,0.545440987087741,4.95794526083282e-06,0.113643544507683,1.44326128744681,-0.832448621792159,0.932108317490497,-0.811579724051611,-1.09835508406353,-3.33323907033033,4.82855481774734,-0.960558316498886,-0.336585170443683,-0.892759778456037,0.187109527018372,-0.184374209475674,-0.321331836118466,1.22611516675822,0.371315376296996,0.723823168542625,-0.270670268282842,0.60928693832089,-2.27125219150734,1.92686794411841,0.83412206442461,0.257571104946656,-3.37316781328823,-4.53258430403814,0.313396835143436,-0.422080093675721,0.415193687857684,0.112222978231312,-0.362048622852212,-1.39885981221148,0.243780121988236,-2.54349725456023,0.299394074710257,-1.06402123294522,0.437396194478943,-0.2171350241359,-1.17237799766188,-0.0222271898014473,-0.351325684214413,0.104755448246407,0.640671939862505,0.678032136397995,-0.625480407320092,-0.355949956095283,2.58203480933498,0.840956399736758,-1.90483873172905,-1.06489261663387,0.889659490783584,-1.15572392148442,0.947644027224558,1.12616376455131,0.0385763107626923,2.00457723135875,-1.43236900863235,-1.90863640146225,1.48135677008107,0.84385786673954,-1.13806268109972,-2.65909647430331,0.644504637967627
0.382074088777302,0.327474329601398,-0.59038320123547,-0.753414053836289,0.846250960408724,1.76254823710394,0.61301859536713,0.357785016041361,-0.0727442629974617,-1.04786847706747,0.564325900243925,0.235099958859489,0.213523400838766,0.237180771026985,0.189825927242259,1.88054726543238,-1.05488913152636,-0.849262788158944,0.540023994291394,-0.247935772985583,-1.756811052876,-2.26257449457951,0.3447292451527,-0.519718885696616,-0.981490304026286,-1.16751525944336,0.532734792156448,-0.900493323454797,-0.574545104900346,-1.45760776833561,-1.94806387435601,-1.30781109863176,1.0381286978387,-1.69289287493619,2.41900491707363,0.170043227277873,0.0195832937004368,3.94424238464191,0.648193568425093,-2.5799907748488,-1.38146930965956,2.35087196802185,1.45913996415137,-0.965002598914492,0.0839113473274767,-0.721185731610765,0.686229345343825,0.263922207903944,0.716895769865063,1.3625184289734,-0.0199262289580739,0.265475923876729,1.42435269225863,-1.39952187545874,0.33495479491053,1.11675478663947,0.159197963401391,-0.246233313224118,3.18539384897015,-1.078950567267,-0.520873215468427,2.49001994032995,-0.348693371603043,-0.570029213907491,4.92448632619286,1.8621223217316,-5.80256004567736,3.97072904708495,-2.16922094351761,-2.11960878788731
0.0623990185357143,0.673810803748694,1.20794116782117,1.25195507188508,0.093436948287368,-1.83871036374291,-0.549529628388939,-2.00918871883242,-0.554881301655036,-0.109829725887808,0.544077566182607,-0.410338092830692,0.582355247989371,0.023589808607355,-0.766420948192307,-0.367551134838693,0.0463539896637471,1.6993358213001,0.128372623210205,1.15311634157342,0.120410408210625,0.105912710495743,-0.667662159833272,0.68590811051131,1.07735295704557,0.60253772697096,0.0596944006000661,3.9987304134874,-2.79847681746448,-1.48435362675864,-1.9391569411117,0.385953498086776,-0.0524766113611734,2.60525608549067,-1.88299377499327,-2.95968619341506,-1.2465235015108,-1.36353483987083,-1.64326421608907,1.66013025321939,-1.28335759508918,1.31197883879924,0.422825785745688,1.2560608209548,0.596384282375163,2.119104481186,0.0905092549503697,0.0773455866180579,1.7033133162095,-1.20294329806664,-0.00707835664546097,3.40819668328056,-1.83895359399373,1.78456482430797,1.5715079923026,-0.805788263880464,0.490466102526868,0.87812059644782,0.802345532548518,2.36806555401812,1.08966955112279,-1.27231557496098,2.73644492677995,-0.640867050712,-1.34153035685426,-1.65653959244468,-3.92620788432887,0.738523698749002,2.33867205514802,-0.436539539775061
0.058449143540192,-0.647682415707019,-0.373438955113031,0.499809343130412,0.0120035367037196,-1.24322343449947,3.64634630123174,0.494199148340724,0.113545650877973,-2.02534128637689,-0.144391033149185,0.451060454819149,-0.206662145581615,-0.471264314389312,-0.697789108189173,-0.652065634197236,-0.495324524255041,-3.99822550188621,-3.65668502011604,-2.58260768695073,2.08476868450611,1.75275227003748,-1.56651860854392,-1.5555554925955,-1.72608685248167,-1.63946838696739,-1.9190398647833,1.0481242323019,1.95708324134255,1.86096534878721,1.4782478710147,3.52657379434776,-4.93428114817321,2.16925374807859,1.55007922932015,2.96177716304971,-0.742998309240153,-2.17546524606886,2.68717395626717,-0.1268896607584,0.235936076185863,-1.11768554027026,-0.307832971256221,-0.318865451841457,2.0434626821168,-0.274240671912146,1.6486136180539,0.390087248372956,0.600753373818707,0.33760325861361,-0.996300932243262,-1.78887095547745,-0.543803987217244,-0.555297918772393,1.31121014740379,-0.835536602578151,0.0427491156916006,0.735138224673275,1.58199562553452,-1.20185381778281,-1.1776006218183,2.48184757473865,-0.697680035717541,2.85495212278666,-2.05236158054456,6.3566536655111,6.2217204508555,1.22072675361403,-7.11263765376441,4.91333122820792
-0.818088378792794,0.926428179663824,2.12349894145134,-1.3106674935356,0.0561415356290442,0.531031666368139,2.0793662445679,0.124913300142449,-1.83315137958986,1.1056838101597,-1.84922201654091,1.58676590342203,-0.177032976631487,-0.128711632872629,-0.248980734174792,-0.784570971645107,0.441692029845488,-1.72256593374657,-2.60591402935246,-3.03446852701153,1.00331043560353,-2.05062133608612,1.88230730244112,-4.31384463247119,-0.687819259127569,-1.38073800486192,-0.816388281861333,-3.07534674145854,0.048350331968763,-0.229698900237265,2.13629249405337,1.30510404217233,-0.519012642155639,0.543028155186705,-0.707294316147697,-0.0478102097132632,2.14897866274818,2.25020105340718,-1.64245608531459,1.66257607088045,-2.01417508948637,0.521729927430046,0.362032748218622,-0.530117465453505,0.995087295984093,-0.630111213812473,0.170873955236287,0.359316654343418,-1.61258598605771,0.403474969300774,-2.23406308628235,-2.04899254868976,-0.722756095095026,0.505103855008303,2.20045086455876,0.55584101860927,-0.318334329403095,2.2657018060241,4.25707459768301,-0.194454197634131,-0.110695303246803,1.10876262567865,0.0441137229807257,-0.832010470469132,-2.65887975441154,0.588540083098338,5.82064552710799,3.13465293712851,-1.26825385515805,3.09601286016865
-0.305538573591528,0.913354016597689,-0.0825683562274107,0.419625391967301,1.09358452171191,0.0547140692674839,-3.10687057350037,-1.60948441139953,0.187430209077144,1.23403952225707,-0.29024783142148,0.854223259750471,-0.662354650132654,-0.157417829479171,-1.96807576175374,-0.0026503426855855,-1.60412930221375,2.48572170663131,2.695768239167,1.82218569600853,1.80641644718592,-0.160890986681095,-2.6495518969646,2.27801068985929,3.65606743827668,2.36524149218398,-0.365539484393138,1.16655222949731,1.94709189873483,2.00156199988707,0.622525509567579,1.64534594640196,0.100144816270416,2.08345487868183,-0.378384263191944,0.828530890393259,0.327506908207191,-1.82131945442252,-1.70786648952682,-3.18836639642328,1.90474267455572,-2.15204217754614,1.49338092987109,-0.228257475732864,-1.07390212121488,-0.318672315121222,0.401599024907651,0.906635274705198,-0.558017436405099,0.0264237790351838,-0.315044826790617,-0.171747594561163,-2.72832117439473,-0.211803176296813,-2.17834838944126,-3.40718135714174,1.41523660886052,-0.545231212637439,-1.67425803336486,1.13052940716535,1.77899367402979,-1.15907970830816,2.0818400794419,3.11124553742618,-1.51674999450326,-4.60419036040204,-6.155740406186,-3.08893359773408,4.1371340687941,-4.42727793567761
0.235434913346193,0.545809739732216,-0.536226278490018,0.442896441120796,0.00311157067264166,-1.97511544916073,0.958316266104134,-1.00150313253607,-0.405234753466934,-1.61952379852345,0.886657809762155,-0.0902938463726963,0.651563965592716,0.233694718075367,0.315968790356892,0.775135526875136,3.84920656804364,-1.9660051283559,-1.99146205408167,0.555142131579917,0.294997906096939,4.55764192853443,3.44505211914809,-1.21214933232626,1.34731484478012,-0.178718432199704,-0.43336627925404,2.93863370651255,-0.451071501675133,3.28590574212323,0.60471266606842,0.550318784111339,1.85577737285834,-0.990770708152505,1.00213336424824,-0.243871939691644,-3.07168614996683,-3.01132175390422,-0.747018123550349,5.5358885192566,-4.13665489241214,-0.247411932225553,-5.15043057442256,3.52762998318189,2.37929704924398,2.91092740710892,-3.25974014894289,3.59788113873665,1.53237653693715,-2.73752478570805,1.16891049736023,2.24796695779179,-3.71138066836439,1.3945546364226,1.10777384249065,2.82605364140826,-0.1573184809587,0.71075104823222,-2.63148883852549,5.12754219520054,3.49622674331254,-1.53070817774102,3.36960381998885,0.51128621474903,-0.814664765231005,3.78482734355201,8.49293865968306,-0.272607956204527,-5.03369219447775,5.41299675024092
-0.386728544985283,-1.06452096079761,-0.0790071330991297,0.795691823245074,0.687676193476591,1.32977503705181,0.374444924619195,-0.0934935704376757,-0.303391557681689,0.0590897940381102,0.646249916170841,-0.968763880127386,-0.160559776667018,-1.49658873583607,-1.09397281800017,0.39205712514567,-1.56241313830138,-1.17365723076849,0.50633205061129,1.5042860283015,0.293448214034943,-2.60684600153272,1.80170067350712,-0.0934481930397253,1.82454805907516,0.923961387551162,0.330147869542213,0.680695579991686,0.117118421750851,1.82498986059483,-0.914740948959119,-1.06099026350847,-0.486500639875919,0.326269108306379,2.17877127301934,1.03505302720566,2.34916838235646,0.286154302847159,-4.23196835995892,-0.515343951414822,-0.532772811365883,0.350648920239559,0.28888411982918,-1.06032608568584,-0.739225512689201,0.265150150085711,0.630147168759167,0.074828413748859,0.224641272426339,1.84448581477225,-2.26779425724354,-1.27362964306368,1.08691440600349,-0.216495968553721,-1.76092856566775,-2.41390419895801,-0.00898435328009239,-1.63405707255715,-1.50116388652762,3.01333246530785,1.28722825854789,-2.23898494713422,2.73092323517702,0.739719231913394,2.30355112088969,-2.26428668994115,-0.0799313783304392,1.96550821641917,3.08729126243026,0.258777595479323
-0.637668600828717,-0.112226250057523,-0.756275152357794,1.04305932231863,0.719999572947807,-1.21436523335993,0.197998224061055,-0.903810895987743,1.15699798736974,0.933582976269705,-0.345535854209974,-0.10552279128411,-0.936669810275889,-1.15755476545433,-0.827646121212101,2.47036832240209,-4.1974489845957,-1.42916096540572,-1.96099618892235,1.20301269267111,0.58167395438168,-2.79206106006208,-1.68234443259519,0.0492737683924132,0.895739947477059,1.33758351673398,-1.03492430660029,2.31100041495313,0.94932351410249,3.05156048816142,-0.832901056285829,-0.785774454406336,-2.99093019412531,-0.87706169036599,0.227615638114638,-0.0297451870408669,2.61659609724237,-0.434949840308797,-2.49715105564046,-3.24920454717031,1.50404951737153,-0.810750450187182,2.89892073051675,-3.0385937683477,-3.2124546555911,-2.00428652883522,3.62077649881072,-1.19708750977807,-3.2960742411178,2.22945092504944,-2.71950835599057,-1.40754106836936,2.31184988036845,-3.91884980591621,-3.40067962687656,-1.93492676418134,1.54632723172933,-1.7927006394446,0.576239686901668,-0.114679276997876,0.361719382951441,1.14034620150071,0.581317480157811,-1.44442001742352,-2.80455459706572,-0.029769677449204,-1.93303129982023,0.610675375035437,4.33154241667788,0.033898573276227
0.961707582862091,1.0029139302228,-2.33820482368176,0.532650572626206,4.89883401690924,-1.07239892446343,0.050773445991914,0.910367516160933,-0.356865639681409,1.31041334067972,0.65413171939002,-1.04333717890859,0.0869519618124425,0.238046775605943,-2.07961531174396,2.23878827874552,-4.47666852192925,-0.856195951674567,-1.5513679289205,0.0123902966297188,-1.35556893825648,1.27797013519829,0.256718985701755,-0.00760777979429999,0.94770241214699,-0.694055143108569,-0.265908879751705,1.36075736698079,-5.16998521089628,-3.77869795728237,1.39807995753455,-0.60234491621812,0.582904047928238,-0.975474362773753,-0.690171177079802,1.48476892412416,-0.162688247525353,1.21311635327552,2.51673179673209,1.70448326114782,-0.731284552646471,0.840075194407955,-1.70729190203364,1.27489153797049,0.471917900520103,1.02923895117167,-1.82683924114516,2.75063744652167,1.61745974237893,-0.650025663332644,-0.637273233476538,1.64742979495675,-0.0908366439807503,-0.0399229142558148,2.49734716684333,1.39647618098779,-1.88665515181398,0.369918184015604,-0.432900219066353,0.604338430093447,0.893653768646496,-0.952146615336604,0.309684403984612,-1.94231893982573,1.28250675838125,4.02015416627088,2.68948128328963,0.622838931655953,-4.09004554944065,4.44510988273717
-0.461025948954757,-0.0375687037319405,-1.01132544834976,1.21746012113051,-0.433121385288374,1.27182457909479,-0.753482665261674,-1.3102585529387,0.0656294473940539,-2.35280128432826,-0.0700235500471754,0.264557026323818,-0.128132555193228,0.991793978367105,0.834910451294834,-0.437528481697876,3.90972632026696,1.42454759325083,1.89824884734292,3.59556998375743,-0.64038306029893,3.38796700639781,-12.2515645608518,5.19542411987924,2.88234315142349,3.45199030076588,-0.464218975604372,1.44995173075836,-0.42799624322974,1.0370625533205,-1.28193466189427,-0.917371650690133,-1.37397246130564,-1.5046267871242,0.340557183712224,-1.15511503141125,-3.38116491458379,-3.1967709430498,9.37501817794297,-6.87724606485897,4.51718531634616,-0.568449776423972,3.81719497733,1.78398317036527,-2.23136730763033,1.42734002080964,-0.630173484646642,2.27354121597568,1.51507880809437,-1.23165656565882,0.979873093868617,2.4127331554701,0.231749394246469,0.914942085281664,-2.53013340047183,-0.923194793318455,1.76253289664285,-1.03200561620859,-3.84541694112391,-2.99442494449787,-2.0161030286115,1.07269518731719,-2.62001172370919,1.68816737893638,2.41638748205553,5.47856502814967,-13.7135694278935,-1.0643163707627,-4.06509182059231,-0.201943532014322
-0.0734666915499678,3.89236424375358,-2.29797315410727,0.766663375448066,0.00123410410637122,1.99214175545246,-1.07069190047807,-1.11357061087233,1.37340018017877,-0.867067583007664,-0.371402530517607,-0.896047758472354,0.775143249987814,-1.31416720080242,-4.56356216541715,6.54827902792198,-0.203700240663433,0.800587758038241,2.31813828697694,0.781682303133166,-1.14933299370681,-0.610587675328564,-4.17035970351274,1.10295536524957,0.00858660890871832,-0.545925699000065,1.26088815600016,-1.26843171700383,-0.862247236198478,-1.01668398697909,-0.118448306079568,-1.30733608159955,1.58065290604505,-2.18463924583421,1.09255567992176,0.505518011308937,1.70006804033363,0.965936951079546,3.93905221117366,-6.02083193906438,4.21167965313488,1.3197468392946,2.77061568081679,-1.67031579423704,-2.93055333660254,-0.411536606312514,1.4409244218971,-1.25069142061022,0.563700939692513,1.60976665765695,-1.57952200048334,-0.175843886352663,2.18092540942666,-0.712268811408653,-2.19245770624511,-2.1609860019427,1.33666701259133,-2.32427175366833,1.13095659596154,-4.12839786257098,-2.00084103311172,3.05360450671817,-4.13466621186767,-0.178175163888785,0.565344427739034,0.370259045884374,-6.75646442686797,-1.19754633894981,1.5196443118668,-2.26067046086664
-0.452748728471674,-0.0323914500398102,0.08476330838151,0.112794563629693,-0.914769728823437,-1.71616610971547,-0.440019142202667,-1.03368495814222,1.32382798872462,0.140277978878323,0.0377753027667275,0.297865216091216,6.70463541753707e-05,-0.276810968520359,0.352428588819455,0.355936218852968,0.479295496407519,0.48283277120902,-1.93291345765756,0.892967474641618,0.222066832763539,1.91337701638967,-1.91426995374634,0.170183555708213,-0.26118408995758,0.954777018761073,-0.553367853339265,-1.57687718382096,-0.517779546940806,0.141108522935025,-0.473516997823035,-1.20508620837457,-0.53295373610549,3.6139269911135,-3.22883521597621,-1.15078818327512,-1.37617948047151,-1.16170048275654,1.72129663627138,1.28414192305707,-0.46567423405017,0.95263380525297,1.2496734886429,0.76693227870102,-0.681082523664325,-0.0175380551429848,-0.413247546901341,-0.758216572975912,0.623320052534902,-0.677074549077378,-4.86729288460649,0.498741007510593,2.58638372779281,1.11104917279844,1.45411440571379,0.716658959859337,-0.14292638493881,0.98834642224997,-0.481624022049302,0.586152524204922,-0.383841320386823,-3.04458779223782,0.838963430994208,2.22713361738216,-2.50408562982937,2.75666997480824,0.381148566892563,-2.04683347130059,-2.37589160205905,1.71321899657274
-0.244267194006288,-0.474985127203087,2.41697868891343,1.47318247352959,-1.56847719120281,-0.802425167815234,0.80102742118657,-0.117301762691152,0.404390486839334,-0.636452968664842,-0.193658779735904,0.94191514731555,-0.826951452657407,0.190794731232759,0.717864291578656,-2.22375799157607,-1.00168944261904,0.00713685895999039,-0.827815053125802,-0.715262143363051,-0.340293771887718,1.05351402624347,0.487929271863577,0.255631951360689,0.116151515244129,-0.352919082683667,-2.47849986521492,1.55905038221315,-1.2560313378758,-3.21037471803805,-0.0714584221886563,-1.17734476004492,0.49183306771512,1.22906600662626,-0.192229415626155,0.343148180116798,-0.0604775949834908,0.000421435581348439,2.13530416737449,1.96851322019749,-0.491183556565314,1.39649939617737,-0.578895161229562,1.90767583861858,2.72528424971912,1.47177546173279,-2.41432781536367,0.549246681284017,1.10748729740728,-1.31407602225698,-0.705629763912322,0.708502625146252,0.419440075640624,1.52654919122725,1.49393511186334,3.65556118488067,-3.44559379884034,0.372349046686083,0.61460473368416,1.76867179303247,0.797015372408105,-1.11574044115711,1.2833634261937,-0.994591741041637,1.31413627361269,2.43330069449604,2.85833099368005,1.72120368399874,-3.51003816652888,0.328610046031446
-0.343129107827232,-0.0285340437799639,1.16799446845862,-0.0405450525065994,0.622814628950949,-1.66964276082471,-0.972963328853598,-2.15421827874412,-0.430557592906153,0.227022560198975,0.254733489245851,-2.26977620398452,-1.1565343829459,-0.454812207137359,1.28283689718593,-0.364701822738885,0.453925312661127,-0.708450724976327,0.399522924338246,3.4792611146414,-0.692281538713955,0.569300911086658,-0.00254220060127541,3.65106877598166,2.23224243598048,1.99603338114563,1.3298514018046,1.37716496304402,-1.67534819712805,-1.15350180300115,-0.12943257590215,-1.3282785860138,-0.1921462137405,-2.40690611493775,1.64233002742445,-1.3604315010449,0.70703805986225,-1.89631017234988,-2.58751881620091,-1.30480973631939,-1.83407088672217,-0.101071579423191,0.251414321027502,-0.188234743622534,-3.81344924479202,-0.208888944546133,0.766673993913951,0.566979462497132,-0.15055390309795,0.023255166383808,-0.0265043264684648,-1.43348484677699,0.574121230965206,0.849218128324957,-3.75443855392426,-4.30479526129817,2.64256726430917,-3.59222568617505,0.250632145360295,1.81186856863651,4.90613808495941,-0.431130750533339,2.16699021642672,2.91985695191711,0.032141107370944,0.55823151457277,-3.35045265248831,0.0430138305840302,2.51520251375421,-0.475717212811743
-0.12275132017663,0.161391017716846,1.21408866239099,-2.49350124077913,-0.50214036506519,2.29601541363726,1.22339787316464,1.49385163501848,0.487548401562271,-1.09754329056847,0.234759894621253,0.802469434982942,1.07377446756445,-1.15465858888809,0.00326814431751621,-1.78342613369261,0.594519472157596,-0.574881672003587,-0.252272120282466,-0.602561624532091,1.61602759700412,-0.759873764532435,1.00701262046726,0.789125661345402,0.903239410859787,-1.74742030996108,-0.302928367326979,-0.311020815679483,3.30151002285882,-0.876156714261633,1.03266459409075,2.06848850817833,1.37774929791079,1.02933690851567,0.864943459657364,0.491879348505817,-0.583655847578802,-0.769399749806682,-2.90667705180755,0.358130391384281,-1.66552779964452,-1.8566878930502,1.90596076430393,-2.71691180934795,0.133718683495938,-1.77473749680184,2.71608160704346,-2.18578120879064,-1.61220093397493,1.2791031487454,-1.37473705874919,-0.969504319114208,3.60349778991653,-3.0120975041493,-1.27890243946004,-0.802666305650131,0.00524899567581227,-1.09248052239377,1.43949507242203,-1.38110209043157,-2.77809871402436,1.23613967957517,-2.21768861323931,4.34086582125688,-2.06291909748637,-1.90394196244398,6.0201768727815,-3.34029648034972,2.81948488768367,-1.5737205048288
0.513901246341867,-0.774025341391959,-1.36595208687998,1.16830066499457,1.65879718856405,-1.66938734664105,-0.556938689469585,-0.87848697194368,-0.390132683511686,1.49107804139987,1.2230130551796,-0.939036142916821,0.515763174521483,-0.207581997933717,-1.29360528939025,1.5296739480397,-2.6160428571095,-1.10109916003635,-0.167961752023565,-0.578554115901598,-0.280162403377294,-0.994420141292115,-2.45710744656566,-1.26150251412323,-2.64725111115452,0.319234559428124,-0.156613631363436,0.454529729915334,-1.39994005551284,-1.00751403469762,0.0619033615752584,-0.166962748756476,0.212588796644281,-2.05800052900486,0.185015635605039,-1.40734123652367,1.25579577242872,1.4112915625374,1.83547299975844,-3.34135620513562,3.55696544177429,-0.012091966317716,2.6482359781328,-1.24248322595337,0.118887435660683,-1.36946672859135,1.56310013602137,-0.582838479976686,-1.98664843159264,0.00908602604019126,-0.465022024740413,-1.23226478896146,1.60163345020053,-0.875743167848522,-0.22632737538748,0.905377060372535,-0.387948586570857,-1.29186698155653,1.20636379619248,-3.029336304191,-2.44696996944698,3.51019156778885,-2.28671186883214,1.35284841273534,0.0661522866896423,-0.0137598785776147,-2.13278434566089,-0.241076399841209,-1.64432123238728,0.142405359946981
-1.09270325852841,-0.973125250274868,-0.408705127817141,-0.573329960098645,2.22859669068215,1.42527635571437,-0.109027451493491,-0.508562779507656,-0.469142175651865,0.350599059936091,0.404048605521281,0.729471536386658,-1.61798664482574,-0.697519055927702,-0.60372260765571,0.558601537896473,-1.84247529423329,0.873102573724289,0.0917143941269464,-0.379432122224052,1.23222097571621,-0.90661016995571,0.774780260249475,-0.312348111649642,-0.962342912014586,2.6314185157456,-2.2169380614857,-1.16347846953587,1.80325789738875,-0.200157842026728,0.302604125934831,0.755902168411126,-1.21542464786141,1.78051553453013,-0.236562080521821,1.36244254537111,-1.79813679240907,-0.752845029326202,-2.02981166853915,0.591861488842992,-0.33151084027565,0.10653989551554,0.620714623941497,-0.650350256208756,-0.210797339468534,-0.380328538301818,-0.547483292873617,-1.8940911075651,-0.0931815647845127,0.787790479743649,-2.21875599474036,-1.19559154107853,-0.431271900536978,-0.0155399089062853,-1.20717270094918,-4.11617446028029,0.727845444819789,0.0843215608273543,2.27209969997622,0.347845979459769,-0.652434633284171,-0.222500312161568,-0.220811179288421,0.879240237883832,-1.52661724503625,1.17605889865919,-0.0910651517153158,-1.17377993307496,-1.4270995254318,-0.147969145127617
0.586971003631064,0.229940288628771,0.365611071009357,1.09150122111443,1.12382264172872,-2.27555806557477,1.35932368516619,-1.41277528272641,0.709211468038741,-0.920575528408677,0.570221964547913,-0.29271069440225,-0.02889253803042,1.43503355253767,1.06899520225329,-1.73779833351716,-1.01857053898963,-0.811730316525571,-2.98506914966982,2.70684725519573,-0.574550122377947,1.58471711972024,-1.90773412273262,1.92604676492383,2.05407341818909,1.94315168674857,1.05386719271288,3.84426707514906,-0.43195898813517,0.136988467652184,-0.990359073768367,-1.78243180196117,0.61980794569788,1.26772201948756,-1.97955976732227,-1.16684823969938,-0.841775224457229,-2.87440677467893,0.552684604999906,0.691493073593302,-2.44386249749224,0.325631877901999,-1.61958082174443,0.612684402097268,-0.787913492295459,1.44183970525982,0.407629417177207,1.08317511305491,1.59210679307682,-0.425821773619492,-0.772734482252715,0.37234108632665,-1.7414428658315,-0.890911553530459,-2.99084174421278,-2.71300681014917,-1.98875955388001,-1.49686705217661,-0.749686112011893,0.980472569123224,0.827856132661114,0.553874444725653,0.48826871022029,-1.80388061830365,-2.11217317149727,3.50898670305269,0.14850745219541,-0.869193686286132,-3.24676291468264,2.31157636432799
0.46197517107059,0.648970674196414,0.120940428072813,1.91923046117612,-1.62437233128105,-3.10051442434003,-0.00273724703206184,0.495053712619643,0.523097122156793,-0.169925708421527,0.600462369221138,0.63223119135329,-0.509301074653856,-0.0361907508318249,1.10016365094465,0.216428167910175,0.391771030511345,-0.0704411301529349,-1.90295575333655,0.419552054480996,-0.05382033366072,3.08797588643372,0.0606131346342561,0.566361788396725,2.30373285448389,-0.310671841205079,0.810841358536002,-0.375650818238018,-2.56854909579472,-0.0444992828387791,-0.91728688910507,-2.55517182861256,-1.90917413092205,1.98390953147873,-1.53499232631035,-0.894684202473683,-0.389260038709754,-1.45511954312379,5.69076658717483,4.62093404123864,-1.92926079570666,-1.04235377396062,-1.89028183749399,1.82391784466488,1.21434197643453,2.28176445105086,-2.39694049065475,0.554972943412658,1.58210694881263,-2.50074553079761,0.955962089221473,2.19091397350677,-1.05565782102914,1.37919256040062,0.982292673656897,0.518814664223092,-0.497529066157605,0.50246849874413,-0.311175218321201,1.47035781146066,0.847837204953136,-2.31158603346952,1.7545367893446,-0.52282931696114,-0.149274714395158,4.59956849909332,1.77246030251299,-0.744374760623341,-2.93616572195929,1.3531317956551
-0.23167822361632,-0.432538363267573,0.235213892861494,-1.33214498507736,0.130380368653892,0.18889690144049,1.5021571193283,0.196008328657086,0.694250518195378,-0.275647072290139,-1.10109972357974,0.133355307829638,0.740246713933697,0.416486085530458,1.35758370532841,-0.895869832113027,0.829253055714648,-1.20155191555422,-1.82103414115938,0.363279947442593,-0.704603417085804,0.347011986318242,-0.768686985897744,-1.68994235742299,2.78452761361859,-0.731751355595842,0.511728061603272,-1.27971774787921,1.36484378865864,0.8805431180776,1.93908524709204,-2.09200192054193,2.57542209906536,-1.58688451826573,-0.826827934992011,-1.67196312985828,0.0917681854389493,0.942658506213174,1.06554472129568,0.368419694152749,-0.773499180468603,4.06932340847336,0.119834867298008,2.55790795910168,0.773370615175765,1.71166932673105,-2.22245962955674,2.20708515540071,2.84074042608798,-2.80512984944501,2.84164200204669,1.32574056279074,-2.48105655541086,1.09097276081466,2.02555504213942,-0.110291475322191,-0.110282261823612,1.79283137878148,-3.34054674609283,0.667153666659787,0.167784320443328,-0.893584706659214,0.742787586703455,-2.39763356392946,2.86585913793169,4.32662650492437,-1.17944268914423,5.41121973809145,-3.43313141418123,2.96630954453967
0.289403323056844,0.291579693496073,-0.00357687662174927,0.00365150841366406,1.23742451924761,0.00014759771014809,1.04495231915201,-1.94445462118134,0.138753593218036,-0.542474866326479,-0.936944148730665,-0.4035468125212,-0.446026321682318,-0.20792628009119,-0.388289112209925,0.349526376603857,-1.31166687431863,-0.702891945463949,-1.37052870440528,3.34796553673964,-1.14075859526293,-0.867307247349162,-1.57417463558449,2.87415554178551,-6.32400295771894,4.47844812610926,-0.325254833831418,1.49091525825404,-0.77463611984155,0.846977293747291,-0.462916474851017,-1.42556228786969,-0.61589957818535,0.721517040005339,-0.30504406888549,-0.437584210619162,1.32432263880669,-0.397924117407533,-0.514161617268394,0.153589451466207,-1.01557185668099,1.37577421783411,0.839591817435923,-0.565066144699806,-3.62031365557008,-0.338032817055434,1.23891175925951,-0.688987480120074,-2.1245629879633,0.764441086615297,-0.764923881596511,-0.290169404453634,0.452544105126162,-0.821778242725327,-2.82157974117844,-2.70421889409145,2.3479075966112,-1.80642743972544,-1.40848671600396,-0.397125493340227,-0.734215518442282,-0.463611825505126,1.19689962171652,-1.54720083597974,-0.000197982364253502,3.06209454090326,-3.29090760338577,-0.120558692206664,1.15396222281321,-0.331024368377493
0.933455510242729,0.495856666825429,1.99706438621145,-1.47552394991904,-2.15756947226982,0.868602554893605,-0.76480440033952,-0.4721490998351,0.00113887658091451,-1.50764474051544,-0.702565062784512,-0.80998204365435,0.750666138824358,1.03788680844575,1.16290083467131,-3.35338432343034,2.42289712157964,-1.21392160973713,2.02215102218934,2.32358032017947,-0.503747852436397,0.862234859986037,-0.913997868575283,1.86751862478404,3.11814785500197,1.93789159973556,0.257228620238397,0.508301476597029,0.0902937704149389,-0.541464812030142,1.69748415710989,-0.320803841991352,1.54340257815745,-3.455420907985,2.19002976621556,1.59696149093811,0.0510629135055205,-1.0517475641958,-1.23653617419061,-2.00138724764091,0.329398030231392,1.71271996807468,0.708889891221147,0.887816599112276,-1.45706589062034,-0.719501019488524,-0.379940904341931,-1.16950137849653,0.692230553446546,-0.522950417189809,0.245971486279831,0.270715265555096,-1.11522588686601,0.0693214605116177,-6.06594421212578,-3.93098812442961,5.55524379008056,-4.81665068061905,-1.35747760019004,1.10682216571824,1.63554177300103,0.00108599647475105,1.52067415830405,2.97138584104646,2.78015288286356,-3.11671771733969,-2.54150855848117,0.775560413633264,2.80159049167585,2.88294321891096
-0.161484431424128,-0.945543060689821,-1.60408989990836,-0.0136751730463768,1.29389486037865,-5.2589588690781,-0.199665770313551,1.4792589897689,-0.000501248853340721,1.49971499630501,0.0234162792170531,0.548168579410417,0.151902148912933,-0.411432592595231,0.303103419286031,-0.0315689984334313,-2.10412999750716,-4.24367696153233,-2.80845564506983,-3.06378973273672,3.40079976653918,1.93436411148875,0.871279285279336,-3.00139721450176,-1.04758221257587,-2.69520823600627,0.797126844527122,0.146137945455163,3.24714496944159,3.10080732745223,1.31725816236991,1.84777176206858,-1.96194940230445,1.41140851176546,0.316074527618621,1.48483158820751,-2.12624017841911,-1.45848730688389,0.544952090212403,0.0525768134471014,-0.560462606134439,-1.2366407614242,-2.12652733275134,0.397602165414194,2.47120457271643,0.540549225847502,0.00384004597475401,-0.31761450293932,0.0219839518733401,0.82461406092879,-1.41160975575688,0.291217132894672,-0.204015480177611,-1.06934226569496,3.80575663740608,2.11821317808312,-0.887876841716714,3.03371692622519,1.68325270259478,-0.0126593595969176,-0.85403344563389,2.45155115625006,-1.51205647094824,3.53119134784456,-1.87088264032989,3.4700106791292,8.38504431321017,-0.980606942359429,-5.06781021200209,5.94460969463017
-0.578914093693766,1.57148470503301,1.22198067816052,-2.36188026936527,-0.857534850492316,1.75714652561203,-0.864681895557584,-0.490300234676806,0.758223553069565,0.357765991552571,0.527129776265569,-0.00957024303215703,-0.471444570287212,0.114673116846219,-0.434708828715581,0.120125953545961,1.32571251631232,-0.482851891129439,2.04952279936906,0.917394202983143,0.38719602918673,-0.724496858730483,-1.58877313439093,0.275066652357681,0.651399341532191,-0.5485953270826,0.913169895238702,1.08177187153252,1.6657760608043,-0.157033841301084,1.68809862606761,1.69581224301162,1.42240268572577,-2.26144503280185,1.94198888990534,1.62003812036148,1.26532901826591,-0.90625019179332,0.764765712482511,-2.454487521078,-1.02954330388433,-0.268680190504203,0.63929076049653,-1.33797951891124,-1.80432440999376,-1.78322729701859,1.06225953073644,-0.898341993876069,-0.544273804260351,0.614388379703271,-0.699074751606306,-4.88748909484486,1.22991404776482,-1.59685835265589,-1.21752655389846,-1.6581959889189,2.69376935540759,0.479562699372199,0.519949666276281,-1.26692207229816,-1.73585723061461,-0.168048880920195,-1.54860120481147,2.4594396596477,2.27253405685005,-3.24727723520956,-2.71911767179297,-1.20303351101364,4.61601730383084,-1.37681812159086
-0.853153748998744,-0.521689385305693,-0.227341155736604,-0.591153123740314,-1.4533062118074,2.1866030200226,-0.793603752258597,0.284591340646799,0.601513407984492,-0.742624582881948,-0.708192893698326,0.558209762307352,0.761978080478023,0.119722104773582,-0.101419833752506,-0.480365732268605,-0.362855446792937,0.302962130634733,1.94144075904101,1.90081978720484,-0.796988581119377,-1.0666180151469,-0.530881741637085,0.170487469348123,0.479005340992737,0.681892548152856,0.69631768336734,1.0646628271811,-0.203253151644993,0.604269281946557,-0.174593388585683,-0.193627453029985,1.05793064808486,-2.87594553208672,2.20525594278666,-0.156807367104266,1.26896760512754,-0.667583789413169,-1.14094223406313,-1.46326880463021,1.95442369466736,-0.461642785118279,1.32317992228752,-1.0794269407084,-1.59239808495297,-0.944518923363316,1.25755224887169,-0.877915482515728,-1.52712754911852,0.290425056075058,0.62907996181257,-0.976927170291725,1.28061647207577,-0.549056485496182,-2.15051748977705,-1.23672767501675,2.16233549878848,-2.0381508345106,-0.0405193920467446,1.00534621408652,1.83984040736627,-1.48752062353403,1.84188609501673,0.107656756130585,0.438699319878995,-4.47288106449786,-3.5943313711059,0.999975143466993,5.9507244158647,-2.00705731088731
-0.568111023142328,-1.14141938421295,-0.491735137408185,-1.19919639157822,1.74161555070284,1.4140371226935,1.40310460210966,-7.48311740233353,-0.638237703380426,-1.32001033008405,-0.851858501874759,0.423304512073792,-1.61972204608695,-3.48808927706977,-2.36631513251745,2.31185378592288,-2.09000025914655,-1.24781599542824,-0.232224491066029,3.52166363231549,-0.671985372102152,-1.32683224464012,-4.45768727739624,3.64470649962692,1.81048943724337,1.96424720796833,-0.174799254171211,0.712729400693146,1.74943127078347,1.4288667902136,1.03856183097066,-0.103835607083319,3.03091534909243,0.991910472518248,1.19235160140618,0.428320340973577,0.808176425048663,-1.36119627118819,1.24383511449714,-5.18800758735921,2.33427227782649,1.11398917361543,4.60251111099416,0.359417124442724,-3.18544933573722,-0.217530771246619,-0.0356222937114078,0.34863764040668,0.402261507699403,-0.719318837396495,1.89999941899642,-0.911867665840905,3.33439571461233,0.192412854070717,-1.26715427923321,0.537007382610965,1.85663665184022,0.0831105436082544,-2.90754248013532,0.17429961505941,1.07555244870431,-1.26692735781475,0.278565352315187,-0.781362662655412,3.18035032054743,3.36701538795064,-4.93132217400697,2.61140558910135,0.149569408728131,1.66852096900008
0.00151888218445479,0.0918272220136436,-2.90643661991248,0.778578290541136,1.18577867808111,-1.27571053464574,-0.413990963571792,-1.3594630552174,0.309316828893626,-3.38160623933553,0.239102419660927,-1.02352693077036,-0.599284878950121,1.66345158250269,-0.144235690605157,2.01952219962443,-1.71398058814932,0.267566874461241,-1.46438053410207,2.10820575446059,-3.07127991564295,0.221464837779631,-2.35059051802209,1.81638985685266,0.775880449666352,2.7808317270791,0.881675302511058,-1.8640435373019,-2.65111179385354,-1.76140678399955,-2.77129433649694,-3.44944919932154,1.9521229256823,-1.10915806472996,-1.56126475333783,-0.268095886959386,0.536158606377275,1.05494112736714,3.41648812228848,-1.55694878439572,1.9295899310858,2.66821399419798,1.3050560216908,1.66098354360098,-0.476258858482401,1.2361260281486,-1.9074499489461,1.26940497942055,1.1562005889612,-1.81090450885831,3.22157642418793,2.73039526402565,0.890978408427648,1.47483978131013,-0.764165365356003,-2.55350252427435,1.25710430931099,-0.45443621492182,-3.18723186532352,0.227004173021974,-0.985885031549708,-0.783266667093767,1.07977471223732,-4.81181040140583,-1.67191403846929,4.73597144704382,-3.2486996259249,2.36229870553904,-2.36159552424998,2.01194866205235
-0.50095178001254,-0.20238278097972,-0.948556046739668,1.53408984716768,1.09357675739509,-2.15975699176713,0.672506529590926,0.0707954202556706,-0.524356786299985,0.000840211651366374,-0.648885062062521,1.46554284356581,-1.2822840064913,-0.338973113418136,-0.677083404354705,-0.16495099978985,-0.872723846061112,0.683902334076505,-1.90366631319276,-1.98103030750304,2.5813109110031,0.289338903784474,1.59027068889001,-2.24547167273046,-0.0185211242887282,-0.324200040179807,-0.744945509673919,-0.262022151275815,0.731921165096433,2.85946489139947,1.67601812546529,0.117076107462126,-6.81241932904194,5.13197571129335,-1.82135394964869,-3.17888409045638,0.731643664833552,-0.312999601652039,-4.22033988357771,4.06825500382235,-1.41590380131046,-1.90782350472956,-2.86133841047431,-1.27053653463783,1.53529013360865,-0.297503262698226,1.01999418968839,1.54670899227843,0.265004992748332,0.415658679209209,0.44431328109568,-0.869639253168153,1.54177794974287,-3.98457096470995,0.840824912306385,-0.606692098824052,0.507396073140269,0.550962466677376,3.29296825271946,-1.08169751997177,-0.492024713196491,-0.0073389198911683,-0.54555284713766,0.35609682831792,-3.20601861730458,-2.06930185504171,5.23040062387525,-3.99994426271796,-0.464284990832082,0.141790656764855
0.930497524962673,-1.46756618709331,-0.560442165894433,1.07749117606385,-1.2396611643742,-0.416188185447221,5.14372597588401,-0.593755165238824,1.68454737512802,3.84268752689936,-0.327833662216962,-0.911937504168998,0.43762510726182,1.0196171032067,1.30935534987997,-2.25614629284726,1.26737960335679,-3.35575029503045,-5.14179479127524,0.713069439653864,1.06946165554088,0.802078626871866,-1.31625353524034,0.549307940112657,0.476857181588939,0.0231388839762536,0.618183835021979,0.464348648241414,-0.203199230919066,0.163822597253304,-0.0392284210271655,-0.686862171029462,-1.21335451285193,1.56790984791701,-0.892486504800989,-2.18352635875315,0.0626737923037928,-0.698788471297577,0.259917961936481,0.816997521651681,-4.2449256985816,-0.180778923365368,-0.800041782995816,0.254292370008743,-1.43759405799899,0.86631016549523,0.137243661833729,-0.941945964452636,-0.441304634089349,0.302794578369985,1.07986509551928,0.678656848066386,0.277465205759726,0.785468251221774,0.240379534977948,-0.948983885920258,-1.02537634055603,0.30132345340711,-1.96903370208334,1.31624995640724,0.470620045267293,-0.168866712833191,2.01448765005468,1.41845592376028,-2.39476378136966,5.09415178095725,4.03923488871122,1.48567291016765,-2.55877850387365,5.79357462307867
-0.534829504555897,-0.350113990485404,0.945064002339044,0.171121834466013,0.461308983397233,0.535850432512488,-0.124757202664874,0.00190365330321884,0.251423913981394,-0.634063039238375,0.145626590449429,-0.748496583148556,-0.298020838727423,-0.981247570057105,0.70851900342317,-0.425208510819188,0.735208980176025,0.918947755135764,0.423528193621923,-1.45247491183464,-0.935242123267274,0.686780718488715,-0.937218968577063,-3.16592771489676,-1.57747429741572,-1.15015080562646,-1.02867783455907,-2.8788678930644,-1.45838568201114,-0.49335953909019,-0.925329909739719,-0.842013885144738,0.946185791102644,-0.478663638084929,0.165341469853764,0.328974413260443,-1.93135932038495,1.20650386210476,3.20622875899298,0.675942817487169,-0.133033523364103,8.89162210230069,-1.39761607471051,6.32816205916115,6.36645461752129,4.4887600928913,-5.04505125582691,6.28961781563089,3.23170078442853,-5.44665243715104,4.75229270727563,6.30453939198673,-1.45170450128502,4.4236660378511,4.46062361027927,3.00183534305413,-2.69151284530788,5.14690431488538,-2.47773726826871,3.6535215492228,1.84483521602455,-2.03224995325265,2.62325099781187,-4.32155144255637,6.78654453045625,4.31421250524633,-2.15588966327726,3.45465763759688,-9.14558025304031,3.5842769524763
0.101003015502512,-1.38556447433983,-0.405641103995742,0.177130014437549,-1.11780473401143,-0.711875424012462,0.022123617527283,0.620155843145334,-0.70367051701528,0.447518075515625,0.0497745139193489,0.591970117973393,-0.419398660803079,-0.895576686510792,-0.116195324932544,-0.639556882249519,-0.0773935414286847,4.49411697898833,0.38450638512462,-2.07031413875576,1.70813952455306,0.068460768387572,-1.51869790488499,-0.301901010957794,-2.80719381542928,-1.60138154681827,-1.11588516911094,0.844447552936842,3.62867133297947,4.98364135887246,1.60076025586848,1.20439811178982,-0.896648362861825,3.068004258449,-3.83782836129157,-2.38496244602219,-0.99578543298773,-0.776627176992534,0.57116704566322,1.3653763085239,0.0432440064558511,-0.233834494201938,0.386443972082043,0.276559195144197,2.77158221333287,1.09875153915553,0.731466592361822,-1.1852213011835,0.370590594874066,-0.0977269135661626,0.535029504508403,2.43797475566612,-0.279487603537679,0.87720003712765,0.756676154580867,-0.517978121010278,0.679703304386347,0.253883883851712,-0.157161190849819,-1.02140621210346,0.805058117810177,0.614024727065095,-1.94212827405533,-1.99478652970748,-3.79976764634444,-2.96874927043329,-2.19734090791457,-4.26222937850202,0.641874227632068,-1.3015379130305
-1.16797025790972,1.1582269772312,1.71228306159889,-0.206697165441,6.21463520225025,-0.347890215999781,-0.137808692184502,-0.4620862117687,-0.0505546796764951,0.272514159240044,-0.458801371002077,0.902683582003377,-0.824246739446333,-1.16715568430484,-0.837709650766485,-0.342595383730369,1.1884236230872,0.494422423478434,0.119245331252655,0.431053020542739,1.55976369075131,1.35118759319184,1.22171414170827,0.726788286571991,1.85047094990102,1.22757722877565,-0.0708520790939685,1.84997358871631,1.41440197046994,0.105247538591101,0.968542501201833,0.860814284032546,-1.74283780475784,0.628577147699027,-0.29017960253882,0.307386040640501,-1.00673230860889,-1.54666944261134,-1.47882466243549,1.78014185795668,-1.82513939816578,-1.52906854616123,-2.50158806020533,-0.740688136651647,-0.937914002538244,-0.934841710884113,1.10253102928693,-0.55616074285193,-0.137966860219433,-0.124315406496724,-1.68901025931553,-1.45071353999727,1.33762208473203,-1.77506960728204,-0.976637835724025,-2.08576850101328,0.278331722504205,-0.367361188618818,-1.57696728380351,2.06459464227781,1.93707591946351,-3.04075628904558,2.45872936578942,0.791153319619798,-1.99855059964231,-4.50212331129817,1.58764385334799,-2.9342513054047,3.39550255456639,0.169419643283862
-0.947210225058444,0.0701876088737861,-5.35226522577369,-0.0263557476052616,4.24982351264998,1.23615415151607,1.00123698963713,0.885291794062897,-0.0103108751250046,0.599648626757112,-1.24658587546499,-1.2778892112088,-0.298333061037131,-2.10879483825393,-5.37333033166183,5.47640258922684,-2.58466778461933,-2.36539298415989,-0.317243418872504,-0.265708122844456,-1.2021537333099,-2.99421766431102,0.237236486810089,0.444658440057275,1.30635385071512,0.387701314213815,-0.0780152480018605,-2.52637938964064,-0.122584277740368,2.5341524964921,-0.662750295190935,-1.10812952681096,0.146864844948048,-1.99852976052917,2.76980434487189,2.94098123910165,2.7262312571247,2.39265009625111,-0.105127595047683,-2.81111036959656,2.51253046287232,1.32238312599429,3.00796436553141,-0.977864307642716,-1.5481083608669,-1.24305652633848,0.557660877745448,-0.791334219675068,-0.706327876954413,0.595345372840714,-0.163746666053244,-1.68507373700091,1.06673019208089,-1.67078606767804,0.0114026692069152,-1.43499105846564,0.157688906482767,1.09305959277566,0.00146506249275091,-0.781659404290253,0.576500131178051,-0.572158890520036,0.155781017353917,-2.30737737421661,3.79124705617245,3.1831052537956,-1.80867990782007,3.79260964831832,0.149534472332655,2.18516846857561
0.850921285476502,0.312406152723532,-0.717791792863199,-1.00392027519632,-0.422513344290448,-0.524683067270874,-1.05661414527041,0.836687538960912,0.919105276657685,-0.118458974729509,0.707904860789644,-0.628513841876729,0.085661413149218,-0.101707849105549,0.242423004157607,0.937235533423753,-0.422314284424143,-1.75267299462501,1.46463046524212,1.15762693368269,-0.941808331477319,0.377796726059593,0.112442238897534,1.67237264346757,1.11941916186295,0.344903525602196,-1.27455942584053,4.71540953714286,0.32242906268253,3.40981304769231,2.13148053173903,0.1017941519795,1.52227969965003,-3.19850748525142,3.08180495035132,9.7903082520163,1.36821673873786,-1.99535137430453,-1.064541276968,-3.77749005311115,-0.586011979182198,0.806792286564055,-0.0926251306839458,1.16523053126429,0.147332180700855,-0.232010827400231,-0.0354306970629582,2.10165632664438,1.89499146738912,-0.945523763108869,2.01158984176647,3.65900155067718,-2.29543170040406,1.79971916126948,-0.355034419208304,-2.16760825916022,0.444615799262101,-0.195992460677985,-1.08006036858596,1.2406841993539,2.5826559793882,-0.330821330432002,1.54519129446869,0.856564331747805,3.90994660994782,0.794605134840869,-0.545213468236876,-1.44223788698391,0.0432880734470387,-0.63238503827411
-0.202223658736209,0.0539762738759849,-1.16193716257788,-1.0467274708282,0.0222836937441765,0.511651543129947,-0.409280937704238,-1.77836087075486,-0.180777825203509,0.0416062570887977,0.455638693696284,0.180092926604089,0.28917699205836,-1.04516178375608,-0.790328823749492,1.55565788125984,0.847979786030124,-0.761381718220759,0.48507785700472,0.722784991430281,-1.06766110857829,-0.69142654209887,0.196858106783776,0.243015022351233,-0.168937254640924,0.551664114420323,0.7918730168501,0.334121695845887,-0.0607239632628182,0.00598121084065295,-0.929033145405103,-0.793740784851669,2.34377106200055,2.66186633786702,0.987732973631507,0.757396841143251,1.58485293474547,0.177340009154434,-0.378204707649122,-0.658255092972694,-1.9638719972447,0.640281508734481,0.432861288905795,0.455533861090134,-0.425900553119705,-0.155021045353862,-0.923455086433804,0.283022672347226,0.360538809239398,0.352709325749569,-3.34916808259149,-9.63909420706035,0.123530739521582,-0.10030991098927,-0.465576903194991,-0.115467177361483,-1.16334012428634,-0.743163578035381,0.768193290090919,-0.352156765843162,-0.148278827583457,-0.334154059309245,0.064529452355969,1.46723854359141,2.24580890633284,2.65312235772844,0.0689145073710564,2.95896747339488,-1.84717458738731,-0.626840557438581
-0.0984696981891274,-1.04607173224357,1.20627952184677,0.866462005228112,-2.12645266374777,-0.490755348247176,-1.25499484533023,1.49769284571267,-0.772479632996953,-1.00593295288039,-1.12948434275688,0.739660767698507,-0.357006705761289,-0.110357788384812,2.56410261346027,-1.41366093535676,1.06658518246741,0.0715910104693057,2.11007380146441,-2.56823649251692,0.70461284868587,0.161379050194982,0.302384824454134,-0.36999462892451,-2.75368586454944,-0.942826754956659,2.40675754078459,-1.70221290302823,0.42012463349079,-0.118568568023236,-0.239289646038233,0.0982130770335685,-2.65973996045469,-0.485451779955046,1.36422026665169,2.62058012630712,-1.43566581493428,-0.858308227799751,2.16157240195502,-0.449347044926891,-1.04292304211195,-1.00367950976227,-0.258197869458215,-0.888066737684,3.27183594553946,-1.29988312227031,0.934974663871706,-0.892622410328819,-0.653230583782938,0.725936649745629,-1.24922408979094,-0.842905735377315,-0.573085247955747,0.312800755810819,1.19023674035377,0.86830065001219,-0.370350683277624,0.893543420688972,1.87276060252292,-2.56054035719484,-1.7182593557163,3.1588381334572,-2.85172924218567,3.36733222448196,1.2083647941289,-1.92873694629068,2.07690661808207,-0.869616488682287,-0.887722339843031,-3.22608177628691
0.216375066412851,0.503336411109238,-2.60780614058631,1.27345448045278,0.481996728620166,1.3124585837155,-0.406493455644114,1.20235286029517,0.938213944424427,0.938286480627729,0.370858431471778,0.135305831513708,1.0316427158775,-0.0576206059535243,-1.86562646609188,1.95848913244394,0.748227903360407,0.833157091021315,-0.0122741922482317,0.321210030406848,0.0998797194929126,-1.26899528152078,-3.68124621420138,-0.286848091586812,1.55953585434232,0.111261301304881,-0.076978123374184,-0.0866732600384348,-0.94932458510883,-0.242907546071003,-1.68635842884982,-1.16547869056233,0.0702510721693534,1.02556630938059,0.623785752946237,-0.767143452189989,4.68290358817126,1.70546228872513,2.09940743915614,-3.3414064350019,1.09289880828629,-0.93926470579864,4.10857621413452,-0.466951643320696,0.0500669852277482,1.39845961365483,0.323113023401657,0.851080153959455,0.638761861550848,0.0766184179198304,-0.924041230311175,0.410389455578715,-1.24996493818976,-2.27561644758181,-1.98708108373555,-1.94177601694905,2.44605667616725,-2.37236117298667,1.10252918992812,-2.78988715724939,-2.00998147414706,1.0491310795084,-2.44886424742784,-0.486019865225615,0.695102262471372,0.921863663555231,-5.0130150306154,1.04451897492549,-0.782743840803618,0.783067192276287
0.207415051159787,0.304730194962983,0.317714316448508,1.12455752125626,0.182507472016715,0.553094980393556,0.725378597696763,0.611394251718066,0.979549233886985,-0.62241885196471,1.52335237572806,-0.0571877598769547,0.917279862539534,-2.68437870475416,-2.663469151758,2.34278385896547,0.534341111131312,0.503205617771225,-1.10452244207282,1.35328032980898,-0.695146672337055,0.132294156332433,0.255331262273102,4.02793524476628,-0.0199359656446247,1.20756783114727,1.77067172270151,-0.296312579252789,-1.39733396770448,-1.68826122432268,-1.35559727623304,-1.53651081231423,-0.407688661979203,-2.87428719719582,-1.95061728798624,-0.925866321248833,0.254885465502944,-0.189458490323348,0.305119685747026,1.62522323107148,-3.10629164397421,2.44381779668207,0.303593041764281,1.93004876742169,-0.658527660137423,2.41493398466367,-2.17079001937775,2.2009877789794,0.581296322222324,-2.2642184035722,2.37672185343137,1.88286595859745,-2.26048981705054,5.22526677111474,-0.381103995372458,-0.559716276529742,0.226753984013653,-0.857711929339156,-2.52362228965458,2.603263794431,1.8555539073118,-1.49688142064565,2.10690450982856,-3.42749355826717,2.36593071208078,3.17759918595586,-3.12511248438129,1.08700356558781,-2.18661386335703,1.23744056243538
-0.494047194457616,1.23765538706806,1.17813479879798,0.948982189461164,0.0126528235189911,0.176059958109427,2.11492631678553,0.251153981284858,0.281417312238287,-0.0278646715696734,0.00860588947306579,0.365891152106134,-0.607646204312195,-0.48680626670656,0.139928251592996,-0.780393162998331,1.4230858635028,-2.83107781622911,-2.16688753053262,-0.121346428850887,-0.038971980876902,0.804469484694957,1.42266290154366,1.86504775807909,-1.14286093498409,-0.0215190536904109,-0.819405655307937,-0.279705151587316,-0.962928293847512,-1.80583535179483,-1.36827420028262,-0.555213683761141,-1.04188247995528,-11.1713691072999,0.534035899712772,2.24272432793924,-1.75422045805905,0.139637023484958,-0.400495388368961,1.27738876388659,-0.325642567355532,0.0588829042153658,-2.13333467158873,0.313831224101313,4.21156302793504,-0.482076892853691,-0.8651311594727,0.203904120046155,1.22429694147489,0.606524301915036,0.713822680538148,0.0258922583563166,1.45612230193108,0.309018756416931,1.04160113379526,0.216227036424415,0.343308809113491,1.23358937854165,1.86837539111435,1.26069766005013,2.84347707483823,-0.585473581404263,1.37517824512124,2.2530030525533,0.140647566150171,0.261337805341367,3.99928840205708,0.202659851909328,-4.09744362636193,2.45134232637399
-0.190904095219184,-1.98220353231278,0.580231340558205,0.899392344028954,0.99149576324956,-1.0714076483091,2.26635175967251,-0.951968341805096,-1.34757321774196,0.775707379241894,0.31579408257403,1.00125476197965,-0.132940412922883,0.602869064789819,2.17318521936109,-2.41089069291964,-0.952486714166917,-0.790106208944879,-2.04902590666305,-0.613909460027175,0.640820131550245,0.776937382343552,-0.537682973345429,-0.596651373174193,0.359766891154276,0.465748696400393,0.862504743929328,-0.815419717179741,-1.08140052480409,-1.40586514022493,-0.791289358814905,0.0213527342586934,-3.86838733411409,0.337223576250285,-2.52222452360382,5.70731321446519,0.287112032671364,-1.54376519613419,0.194116657993212,2.0915128796029,-0.501287705080671,-1.64166095322734,0.200047870342312,-0.51600759039806,-0.656177867287603,-1.42026149922844,1.02067386698892,-0.864449067014262,-0.397886068799459,-0.226874195313758,-0.126338478043637,-3.00874806958668,0.541169309781232,-0.877601097826224,-0.127918919157117,1.22993403408025,-1.04312317646037,0.745009025214517,1.80401104828649,0.41325531202682,0.00845196581423652,-0.84827779279504,-0.721116899579763,-1.11569556771276,-3.51631902708636,-0.727726895870351,3.53022653955559,0.19537225020508,0.343242617121468,0.464010585819697
0.49423167084094,-0.984893499750303,0.631145209688493,0.994091367952491,-0.561149116708435,-1.3148086427439,0.446523426244173,-0.941131633384829,-0.1025192788456,-1.22751897019723,-0.466916272069614,-0.167920426742171,0.571972166279919,1.22495690290888,1.06829720207722,-2.73644313150451,1.14955243002606,-0.676404427177287,-0.73305444331135,0.76423814185581,2.77767223370947,0.358474122998598,-0.339385502546967,0.626817397461273,-0.129252478102077,0.131435509843818,-0.860204735249045,4.07596833495529,2.86353396158344,2.15454047225397,1.08767118714628,2.27188289578778,-3.12327884578086,2.15847569671143,0.642716815307277,-1.34874236445344,-1.21102811780388,-3.05460513506911,-1.63642061547548,0.443875112700587,-0.674724033836732,-2.29356369731959,0.196836559091578,-1.54756081830224,-1.01606157762724,-2.87594689910978,2.06943919653624,-1.71167655404718,-2.03447498486859,1.29377080313759,1.12247877095141,-1.44534631442112,1.63897269798436,0.275765934149545,-1.02463338258077,0.74443992782007,0.523180399000463,-1.25589849141485,-0.211809600928231,0.480022560440261,-0.273972890232574,-0.526742192929843,0.676964283547134,3.45690414828997,-2.89517976796085,-1.84205316036583,2.34158850847325,-3.47589896666442,1.35426969376747,-1.74667983796965
-0.878968452617883,0.204416282622096,1.83502967934227,1.65119577032134,2.33263417449615,-1.8711096301143,0.36160427683655,1.16401598858879,0.865727867599852,-0.628121828022621,-1.73739209944207,0.504794027128518,-0.471772927215451,-0.763895624357875,1.19749321843906,-1.23133132100859,-2.82605969262388,-1.0692537460072,-1.97492358121142,0.204542381544968,-4.19545360783668,-0.209870394676287,-0.0886479623257631,-1.83708348183672,0.809609615292513,-1.26059482424714,2.33979894783728,-3.5595894930109,-5.04300531084427,-1.85078339618246,-4.10580854351637,-1.82393594272848,-6.69699561608963,-3.74023094055754,0.202750293088061,4.06292004971893,-1.13132772703991,4.77831094363297,4.57009143620134,1.64017776066134,-2.30917409634511,1.66537198973509,0.19150295931096,0.623297938990299,-0.598664057914074,0.446655547037808,-0.924325028996745,0.74825366834431,0.445014140026896,-0.498601709345704,2.26618157475271,0.39770264264221,-0.314949183176823,1.50511793699077,1.23180169815455,9.85998016847107,-1.77470340074762,1.09516189587469,-0.157078063428996,-1.43297999628649,-0.92791333398796,-0.592017322512508,-2.0672365386913,-2.12354071258824,3.1169258120271,4.75963851950995,-0.334414249867944,4.7005354368135,-2.43487016624352,3.07277047812317
-0.357414837578002,-0.656654386288567,1.6424348904147,-1.28229281507957,0.0031150486700071,0.0546860525802198,1.76329607676485,0.112431077974934,0.32158691749997,0.914206300210028,-1.08811484902368,0.28812788143778,-1.22763779570674,-0.892085778786846,0.848047503139113,-0.972130466912523,0.87596660468255,-1.62596457309048,-1.35307648929161,-1.11355639339599,0.231815903574601,0.258843478483233,-0.131473276651601,-1.36115325363159,0.126953703996385,0.04208064100935,0.285279895417959,4.63701110018239,0.808247726555194,0.843530802039107,1.3298234927362,-2.56477862479005,-1.00843798991777,0.497868674690814,0.148126730959089,1.09633663710788,-0.125580822901775,-0.259925964757862,1.07251978309914,-0.911412913649996,0.921671819132301,1.23887482670128,0.555181935834614,-0.8781208521528,-0.065116011129841,-0.502635792115786,0.69248237358408,0.306014228559672,-0.363660965811824,1.02231936592005,-0.639997217779624,-1.36838829479983,-0.0880252595402443,0.0938549849237315,0.763800361199735,2.60728012142275,-0.0559753020675361,0.260951514128234,0.0558757355831225,-2.74527191818276,-2.56056883409097,3.38081157633523,-0.969801669037394,0.226443341225814,-1.9745426219206,2.47029394899916,2.91476587049724,-0.624021639711369,-3.52523593896037,2.0823169380859
-0.184000090768332,0.396487377136005,0.957796066211017,-1.11723802800095,-1.93083392216898,-0.429291241234925,2.77148242043528,0.625467558887325,0.232900185456769,-0.0922286453506309,0.635878099485735,-0.879062628653285,0.0793773679523352,0.233596444038856,0.458198175094614,-1.28282142009192,2.19336855437537,-1.77609575655226,-3.33301516598355,-0.913541462404063,0.602083870896184,2.76087182764222,0.428134326221596,-1.44769349248796,0.73960999878018,-2.07024780140774,1.90649805195629,1.54051150742375,5.50405872476886,4.0551536513913,0.0264557377492032,2.60185085081768,0.583549449827149,0.496866051182991,-2.03443001981217,-1.25222712453329,-0.447600692019735,-1.26087305951204,2.70188393063836,2.57420149371361,-0.347508818779945,0.181162340137306,-1.49689906755314,2.19116175050186,2.84959732231028,1.57003962114576,-2.49554337626655,1.66540789512977,1.1645478424851,-2.69632027508974,2.4778658966285,2.03722546096482,-2.40986270436227,1.36124097820188,0.503492614290442,0.518080361465032,0.328941832025155,0.418734987025956,0.648746059836213,0.383496828188954,0.937563528290783,-0.556373010404485,0.324310745241353,2.11466893052172,-0.840192932152528,4.81890856147584,5.35108399668242,0.288331611788883,-5.86470031189117,-1.72776979288158
0.72948237040776,0.44365416736284,3.76847945547,-1.75389436871741,0.527915908204797,-1.76870949342551,-2.55677115650245,0.437462031422132,-0.830611072224858,-0.841204937437066,0.727691166884285,-1.62530366744145,0.974802925087702,1.88146617179274,4.27248722158999,-3.7584558175527,1.94190827765567,0.611779616967965,1.33243552370754,0.342353229073814,-1.11077881060411,1.95286415576337,2.46352974564835,0.0242395664051718,1.68962472404495,1.22540419762613,0.965839519388605,0.411663661465677,0.159426831720714,-0.521410616965741,-0.0220956691028093,0.580292193033201,1.05613180984677,-0.852136149747292,0.696045834161315,-0.602033796588535,-0.99301579941881,-1.15953380076251,1.33770236377492,2.08415909560543,-2.4565681566494,-3.01369555577965,-3.11387055534481,-0.506097951290256,-0.186030412805826,-0.270686743136867,-0.604331376405083,0.263204615526085,-0.84830001312375,0.617573749278293,-1.06516871668141,0.511250269162287,2.3049163708034,-1.01930051809355,0.153895759632092,0.916366630916702,-1.6196381137083,0.263523327221154,1.20165662385085,-0.942799475781292,0.685949340157365,-1.80995239924073,-1.14978801864184,2.65459256104415,1.02053991220315,-6.50442575567021,-6.49466258326501,-2.82721683800928,6.56434774577023,-1.83721297491429
-0.240907702772755,-2.90701127094898,0.817005092134283,0.861333771857921,0.634766098265425,0.929559969701605,1.37376879690738,0.107276945161057,-0.075417837208257,0.152325612331712,-1.14157982610854,0.373978723432164,0.810872553234635,-0.138858440346058,1.9582664816958,-3.76391618938987,-1.69294296089924,0.00219321173869247,-2.50999322657269,-0.19019158851723,2.80284058852824,-1.43847522058078,1.36335248482938,0.500702643524816,0.450140254728309,-0.946419406401839,2.72242264447837,1.7979313069553,1.73362467537177,3.15997576653381,0.418689602938069,0.251298429750453,-3.81886465186174,4.92329144868375,-2.16432107890471,-2.00899690084967,-0.120696937256414,-1.91333992339852,-5.56101330189169,1.98101199194996,-1.21558917688725,-2.32194834926308,0.290549792461069,-2.18834838598287,-1.99167515765554,-1.75482919770104,2.51143299940397,-1.54990118524958,-0.374969462549116,1.17464240560614,1.31306900333284,-1.70982351856567,1.95105506876945,-1.1305677514328,-1.33150201124217,-0.271256321546526,0.732085528348575,-1.57027752565961,1.21236237783833,3.18491107660362,2.22486560946834,-1.10197782172354,2.62609092001424,1.04525691852693,-4.57050663192286,-2.30253229270986,3.15241536162536,-3.10899287836394,4.52041406972453,1.40085408832965
-0.842949216160858,-1.22382807020836,0.170240426743722,0.3867446132803,-0.0272023333299804,0.862442145165147,-0.342165633060674,0.823810213203814,0.279044580226927,1.02301616743476,-0.763035728470838,-0.48725996324218,-0.14571311129296,-1.7194687012046,-0.226940861181385,-0.0637024284814968,0.597179501734845,1.20897071626101,-0.453293899274764,-0.24865991354141,0.448140499145289,-0.251838314198348,8.11246074466389,3.14616558955877,-0.939346838815968,-0.11961453260131,-0.344554470220087,-0.507359583988885,1.30851456983967,2.54382861567628,0.556919641126231,-1.15741735041782,0.899939269937556,1.0991497761872,-0.112418116689693,1.33924855577524,0.141697650457008,-0.19302388221717,-12.1033933330219,7.51062281238485,-3.50118116726029,0.202822951775956,-4.64735367048573,-0.2555729004305,-0.608108955859012,-0.143977345826387,0.762891332896499,0.0660264115507577,-1.00301803242472,0.847222682945031,-1.2813180130074,-0.937462359689039,0.636579140727593,0.952404260183404,-0.932477975171453,-1.19762266834548,0.568420613756234,-0.391338324136662,-0.00313974972357006,5.58763419610441,2.16098901083859,-4.26821463744458,3.92918019127977,-1.57770327771737,0.0809894433707392,-6.68361171814211,5.23000498224267,-0.551209544252417,4.93667819751011,0.413582772630291
-0.854253772703451,-0.775065079048839,-1.05298667531194,-1.49848898270149,1.07927647162808,-1.35384937752107,-0.622369008066166,0.894745404383761,0.118303757258607,0.507217704101559,-0.843279497472583,1.46846832722871,-0.0434533204992237,0.30743082331022,-0.16835542087504,-0.325429354654276,-0.169691883132273,-0.470783014426911,-0.267148378908035,1.25384150273688,0.871592729047818,0.256223422078163,0.239063669790309,0.990002400667316,1.18344568728951,0.670179920745887,1.82743457033621,1.60152452253199,1.24918177171909,-2.96389731909736,1.43293930874245,2.61150047321252,0.679942584466877,0.961953970424748,-0.1283123227828,0.0956218697197142,1.27885634178944,-1.79960791974735,-2.77827111053048,1.18126793614391,-1.50248450840312,-0.438955421118948,-0.158553231077852,2.19183043307307,1.44539396220759,2.46273187832529,-1.51235128939185,0.62367183210518,1.6936556187482,-2.65909877989868,1.94717874210379,1.90867230861123,-1.32079895212569,0.878880761514568,0.156906434453796,-0.240281546851092,0.296691706588403,0.332847941673431,-4.40545014920711,3.57730947641546,0.634027037668006,-2.42646470924136,3.27466293932366,-0.567935285927878,0.636971356690557,2.65328769673034,1.58177984967472,2.33540855559248,-3.96003580526641,2.54573676434212
-0.301433486063678,-0.867048200369006,-0.961007361557814,0.57057841962263,-1.26305347029645,1.1925412048613,-1.34786824330187,-2.4756890921084,0.646930099167529,1.31982050677309,0.125724307240574,1.17347470861045,1.69438233998349,0.317891653361353,1.59953219793573,-0.132823967931255,0.741951524325502,0.090261728496401,3.0196866721994,1.78553639973758,0.742292686502703,0.225557144251376,-1.35226535001765,1.14684118709329,1.93993654139757,1.62503553102055,1.32408374357247,1.04994857133587,1.16940798745452,2.29228791994989,0.0807140286981474,-1.14271329756989,-2.62638784660503,-7.51005930272979,2.00771812892955,1.54920249892091,0.570037112761647,-1.800823920584,-0.0574666008060316,-3.39268673159799,3.51499897094682,-0.485961389111534,0.475977047482112,-0.0177206064984894,-1.417532376626,-0.560608005582767,0.58249051769682,1.16068491349283,0.59177074347259,-0.207864268487785,0.440635352960072,-1.19048191771518,0.029814487027151,-0.294264400553269,-2.20882840685174,-3.05196150262688,0.900731578373103,-1.92349311289906,-1.92356468426955,0.998209697087311,0.586483733266,-1.6267358128984,1.04672134076696,3.5553593332249,4.31751038234866,-2.0092799343952,-4.1079772383238,-2.60497880243501,2.10567807578261,-4.34259272202711
0.408676116369458,0.187643934828115,0.0627134751130257,0.979509058323379,0.852388413496762,1.30595723386885,2.59604097451658,0.0771870567497093,0.296748934125717,-0.548205158371474,0.226291948994276,0.307392320734875,0.113080551840482,-0.76521167327936,-1.13879725087904,-0.289825581780928,3.79489498657901,-3.66830066178556,-1.95945620555417,-0.776526989454918,0.463601183235989,1.49281558358776,-2.81899906124861,-1.62668004411755,-1.38983350018477,-0.0602870259700541,-2.57936908319846,0.613748669996374,-4.85631969889442,2.67086881262464,0.215373601968242,-0.722417416270777,-1.16975844820048,-1.47960100452002,0.628810754306736,2.8779477528829,-0.714164950097901,-0.780027263493422,2.76675451995848,-2.82166995241269,-0.0525548471421611,-1.05186993522333,1.03096190816882,1.03846901756053,2.1003586799023,1.82175186101938,-0.101823145788113,1.76687594745976,2.12789348063407,-0.963144602642334,1.99304233826964,-0.165433475445865,-0.942687549692252,2.00091988824536,1.97541806781534,0.4189205857164,1.36953981674731,2.6336648547227,-0.92315855928963,-0.886515545024992,-0.186280523331065,1.40122130380803,-0.130322568748723,3.06300944001647,1.42073695830217,7.00010965291252,2.81163971112191,3.11980285183804,-7.68729061830649,4.7779504998138
-0.515828786436981,-0.626242604947943,0.855160571097366,0.652325773119934,1.05905437302099,0.46174249861614,1.26119657318358,1.1286442822008,0.883284852304337,-0.233080862454947,-1.30679736182853,0.859580564276533,-0.584922648383843,0.659478899269802,2.40821621406034,-1.54020770433786,-1.68180767461416,-0.380658015469925,-1.12979769254377,-0.917837703696807,0.520729634850528,-0.667429143626646,-2.34436257740203,-0.44557781955315,-2.03888077675596,-0.593870828709599,-0.252290679810467,-1.17757353726239,0.113688315294935,-1.14725549797548,-0.836490117553627,-0.430721087741033,-2.43452356908011,3.43842935436815,-1.4602386594604,-2.97245648025977,0.246733098705513,0.372329942975853,1.104219009503,-2.44842857252643,-0.890708216434436,-1.09218133038321,1.10795356815052,-0.21065143890886,0.211858402465158,-1.96238292597577,0.618009228270425,0.0026775902702495,1.02664813376106,0.780457877926932,-0.735436774237529,-0.837414242540149,-0.142833239426167,-0.0830117683980581,0.791510232709425,-0.109952364786531,1.67620433611953,0.832650145204041,1.05961211275684,-1.56699915424538,-1.64100228108583,0.0648206672920033,-1.26820401925631,-0.337718797971033,-0.752242558964185,0.634136823295041,-1.99995293244484,0.408009740530567,-0.679012894307986,0.782956224755755
0.196939500847573,-0.354551691565463,-0.687239250360642,0.0841842544587806,1.17191613911765,1.12706165194662,1.05454928096737,-3.55844615347189,-0.661514256487313,-0.627673566951734,-0.30109167048098,-0.215010363133724,0.0999472844185617,-0.210201646986782,-0.746337936229486,0.664178940095989,0.41342594683484,-2.35370045960355,-0.165962956457499,1.04495722437635,-0.887275891216745,-0.786369978109378,-2.95244398560686,-0.359985079096411,1.04669507144847,0.204765591086771,-0.443668218926802,-0.282125564336979,-1.02645051046872,-0.785473329839969,-1.59589373589882,0.423206298624624,-0.0479077024692562,-0.984406439783412,2.56657709927836,2.56090467621085,2.71231548005285,0.751061753450597,0.710905859748335,-3.92608197450945,0.76447129710905,0.106534500944724,2.38043092740539,-0.0135218194910681,0.0130218682330983,0.212303924247262,-0.472521029539842,-1.28827833017085,-0.0425026080797145,-0.485910008532285,1.43711542102104,0.770389867795432,-0.653902895834725,0.866249139180358,-0.21249046646377,0.420281222290988,1.21233963782049,0.658070211674781,-1.67335711025772,-1.06290230075875,-0.00255675401801481,1.1813567412942,-1.06543154639609,1.20533038142074,1.65836355099356,5.49099048288322,-2.5042269033213,3.07252662691388,-4.09798353401966,1.30372742102735
1.8895199754206,-0.275634215331948,0.528077859647976,1.06921291135378,-0.952471391702879,-1.19783535986997,0.385522798041008,-0.435308702178377,0.512021177002602,-0.503987832693078,1.78376599386723,-1.13568087656664,0.735544043918581,1.77350395160905,1.19898588444381,-2.24695111359837,2.80302870556236,0.435912986422536,-1.66489345043874,1.09018386841905,2.02138195528728,2.8809042208634,1.27921718643676,-0.189140406428809,-3.94733489041943,0.644068461061117,1.92319142784103,4.20321635524008,0.944600790744237,1.28640421003095,0.183242394524996,-0.264019300706342,-2.69594725057447,2.19961819816611,-2.04460075829745,-3.17284790732589,-2.54067926367491,-3.68558473684443,-1.67650589271086,4.23815588418631,-2.3846273166402,-2.16595570046376,-2.53148204159245,1.0903405811721,-0.45036665486051,2.01523429775454,-1.7013295218228,1.96613504101332,1.18032963457642,-0.381363450126873,-0.382300414846951,0.619883422259409,-0.512826132571954,0.186872608694048,-0.313004119489201,0.823254118175348,-0.314879244194565,-0.251408823326223,-0.597481477579469,2.6008545137216,1.59726408006135,-3.10081550959261,2.72993612136335,1.64908208935834,-3.22335976345159,-2.65561598582408,4.23050367750865,-3.61770190463659,3.18974206930265,1.59137156856145
0.329040666950443,-0.493899200687995,0.382937228676706,-0.928434554563577,0.116141977612156,0.156337922168422,0.170027428596453,-1.56880004308484,-0.174629422273691,0.15565014229265,0.867102555814401,-0.173463427097434,0.943126234820925,1.01644945252114,1.15952506012512,-2.03978734062474,0.0404797556283789,-1.56702491318314,0.472238374691892,3.26458279798078,0.291987698910783,-1.57183083754758,-0.427683743236389,3.15129328580059,3.51793325544442,1.5482734010079,0.294549783953038,3.81806251572241,-0.0516736904478972,0.4562704564807,0.85829801209793,1.98564199944891,0.506116066592638,-2.29072117189272,1.34841618101027,-0.403002928934258,0.943809909749628,-0.681272067753452,-2.18635278422303,-4.03027426626958,1.87247693325708,0.573593503338809,1.37015202630047,-0.755195571904717,-1.8700030272146,0.293318637016828,1.77473548406178,-0.603790907785685,-0.588005013131414,-0.210583732649276,-0.746693221766863,0.515779721459931,-0.742848830745218,-0.0521675941456908,-3.44481912777453,-1.86623048126356,3.4666972115382,-3.4749213604134,-3.06801525760012,1.4503632158745,0.619896077635433,-1.50482124637676,0.584449223856205,1.16206336690227,2.95509865525567,1.38870433407581,-2.21171155220729,1.52608104835394,-0.146999610475949,-0.760336025444944
-0.0930654000904253,-0.566084578586645,-2.54397529474767,-2.29117042424412,-0.310043378452502,-1.71202402472188,0.980389394384236,0.291108910316524,-0.663518581499058,-1.96697558502249,-0.865389421846352,-0.0621124985901017,0.36724392567359,-0.080088997873911,-1.37881231688389,0.987866989886781,0.536088581003706,-2.84408083030189,-1.38804389449953,-2.67362779850653,-0.435269289780222,-0.0236663397018133,2.11572212448089,-2.33020727453963,-2.15289983507958,-2.09637793378508,-0.786751465048948,-2.63755144285689,0.41832857186363,-1.05829403035563,-0.578931455311157,2.24429607547842,2.0313171740197,-2.40889599629322,1.46761410792732,1.10764448372277,-0.400084756782782,2.04213083405539,-0.0698536659789306,1.56752022185778,-1.22368295404648,-0.838447881942726,-2.27103660303709,0.115643778386928,2.84644025441318,1.28887279965041,-0.909752786895947,-0.67992578038702,2.47602114679706,-0.388513270814197,-0.978319682665644,0.143511682315598,-1.37064765451504,0.979409889920213,1.8856241500871,1.74836729701839,-2.93530788224351,1.94935917715758,3.16981701228978,-0.161292294615056,-0.751273304740361,0.259088808724372,-0.283349901966093,1.9087392159285,2.16867941787309,3.75287841020584,6.78432649048506,3.46663263062988,-1.79076439257776,3.04526707295092
1.01545862448122,-0.627129749695732,-1.23160503222589,0.12438370005479,0.203132345053566,-0.0778671159176754,0.568834449070413,-0.458285937108679,-0.149881055091085,1.0717662870869,0.883919393275452,0.436353704645501,0.101995971397133,-0.155849751539331,-1.45299934006209,-0.117214108558318,-0.155163791518016,2.06708349990702,-1.45405196969028,1.14397899446842,-0.349021904237833,-0.506381567544386,0.0596524261292249,-5.27011960954556,2.29772002468913,1.03524165702507,0.086159008794598,1.84327065451637,0.647789009821298,-0.446023517600501,-1.34160007749229,-0.589939002513948,1.1606657985179,3.91987756765074,-3.56383536623276,-0.933338798260526,0.935783696816753,-0.622723050809088,-0.88385523438197,2.61169703126517,-0.416996100657881,0.310674527689861,0.855013443564338,0.268629491287728,-1.67393719549937,0.517942498439039,0.472629574984397,-1.45083413900449,-0.226128359651988,-0.783551215559319,0.192580391935674,1.33976844019525,0.763618182131418,1.8881064631463,-1.29746354806254,-5.80155237624216,0.803200806168956,0.209168822938207,-1.53988540154081,1.16514892577853,1.03918429728,-2.14462645279189,1.3766210564563,-3.30624868251456,-4.44898688062258,0.338325050150394,0.343569242794404,-0.621131408282675,1.34513915131981,2.00385524578334
-0.448405560414467,1.41917850354969,-0.824957497663218,-2.02476048912532,-5.44788115930505,0.498090444931031,0.201910048667922,-0.545345855660009,0.164990813156146,-0.924852607733102,-0.367837868946335,0.492048434257714,-1.55482518198806,-0.903536785833344,-1.92701932862646,2.9470492927669,3.15009519250345,0.307925322322138,-0.518285515554892,-1.17636914016304,-2.36199789439041,2.02754960539253,-1.74040775806261,-1.28132957717913,6.15046374158483,0.106340184160669,-0.0411257394750877,-3.56029608511012,-3.03098352250264,-2.17167533317976,-0.602978834121,2.14542473739948,3.48219555655703,-1.79296852825235,-1.32748735340369,-2.93657309516084,-1.62187750018263,1.46311213996914,5.90530817566978,1.01947156395164,0.788461919270837,2.20369291478531,-0.409483746978963,0.983755922403809,1.87623871219117,1.84397008681184,-0.932788788646574,2.86186404975443,1.56426781981889,-0.753128684364995,0.869462239056221,1.32061187731063,-0.989614831005891,1.00428633150991,2.00064292596889,0.156376660118176,-1.39958286945589,2.4920055443994,0.28046500088761,-1.40192937313336,0.106770060180607,3.70469956744687,-1.9646395618619,-3.10154927661384,1.20502730988205,2.23368557235494,-2.12385633143842,-0.191972478393858,-4.14425861760654,2.4657589283693
0.442307318617505,-4.02009099490552,-0.634103235972878,0.339873646347744,0.273875786436134,0.40480539507638,1.65509637655427,-0.715267943750449,0.0873998988491324,-0.395417830770505,0.00147693869110005,-0.820835195539179,0.566321644410726,-0.228524318566255,3.141369855031,-2.7545483585054,0.181632985263863,-0.984631849863854,0.00142522483587615,-0.66496400943173,0.230592618052181,-1.30620458499174,0.826775618600043,-1.90081340355076,3.33016825916457,-0.447926430512802,-0.410444007145246,0.758696497456589,0.407382355647547,0.0823877762809244,-0.648164775562789,-1.10806529653275,-1.6318095048644,-1.93282769032095,1.10934214042249,1.86392747712163,0.633630321413831,0.7388611493352,-2.25399578133184,-2.18600350246284,0.909011411522263,0.48674256691849,0.472548557018892,-0.323183477961023,0.288046367679445,1.23717074170832,-0.16010452073505,-0.679980482968935,-4.66330150963032,1.0286454519651,1.27034227418888,0.611478806422109,0.243891753484439,0.212503415602032,0.543248342900695,0.0185637506580568,0.308455152225685,0.588952389990526,3.95396943893303,-0.445962127670749,1.22723414727377,0.0661712413005539,1.60877864848201,0.890308716907317,0.25543119366715,0.000744899653932013,1.01572105465115,3.13142890463616,-0.2303990857539,-0.587311245710244
0.85096188208698,0.00167865060631995,-1.2208187801708,1.19133530914132,-1.60083341138466,1.2553047842504,-0.856465165872269,1.12800828054278,0.988638058210311,0.661039302128688,-0.184548066301788,0.42425755194879,0.801313905922651,0.641775571989578,-0.942054258003807,0.594288539025927,0.161568380019405,1.37017980261132,0.389838740739207,-0.633494373113224,4.98239768604395,0.942879657573428,1.85215262680887,0.28490579570516,0.151782555485,-0.619481055111054,-1.58134732828451,4.88972015833037,4.33188633631249,4.74216203783704,1.82827072073615,4.88013676982272,-4.87174300984128,4.154160961404,-1.83580792492202,-2.28895019877316,-1.87010987081042,-5.17841981571736,-4.94140968610223,3.63144013844911,-2.91326286902768,-3.71179332477511,-1.87414354364794,-1.70020530711004,-0.879482713183561,-0.892241060664528,1.57996181768858,-0.209917956024064,-1.68032431672237,1.30024596348983,0.339845769106159,-3.35797581664437,-0.500960161157123,-3.03612985488334,1.36361447075899,-0.108269913907348,-0.141082561396706,3.01472269963896,0.876373040285245,2.22442846560381,1.66115493876928,-1.03261855002352,2.8071307710509,4.09129268431218,-3.82151829078504,-5.13652772673455,4.69081528882559,-6.94013663652181,4.24881643712545,-3.18273639179054
-0.0126388891586797,0.343060065194869,-0.0598052883339133,0.599150392281874,0.274703037863792,1.9437515947513,-0.767226961059105,0.573982125095617,-0.327760181111401,0.40689805882928,-0.00868674245193832,0.0549052470102239,1.13463366924621,0.0241413930388857,-0.295104935261222,0.952584063478537,-1.43951227210864,0.414080970814763,0.558883710968076,-1.3271678933621,-0.578276371401726,-2.85520231605704,2.28160234376006,-2.07006792987615,-1.60408155729614,-1.48693201469936,-4.61174859858624,-0.72380007624235,-2.00397742124716,-0.283164961250335,0.0728801613258276,-1.56279645616908,-0.145040621794789,-0.448351535001107,1.25934163886793,-1.57249205292297,1.7351836971156,2.85221441861446,-1.62596430043979,-0.271290323196138,-1.90080886536962,1.26597652877651,1.21003825727482,-0.452445322788004,1.84836638225888,-0.541735562147141,0.427955347029704,-4.54202730490372,-2.24177171524563,0.0814076765227276,0.0897688630702959,0.24374810930783,0.0573021658793811,-0.768707383811243,1.67575735943702,0.774335164419437,-0.99303541072635,1.22945858229126,2.18604938162691,-1.17129928071409,-1.07356142139945,0.209956175139072,-1.53620491973184,-1.53168838440253,-1.36299021125949,-2.62113412988006,-0.359362041042135,2.14689478128589,0.725386825080456,-0.360478649211366
1.27821132299086,-0.935447850582647,0.329398092526571,1.07950566476592,2.15632344405773,0.0351747198984632,-0.471455035351399,-1.13653256611939,-0.925063980194568,-1.99811437334575,1.70394073362208,0.368634917069115,1.66933418982817,0.875765782746574,1.52336419146466,-1.42595781060189,-3.63618018775363,1.51174232818721,1.37998869056289,-0.0582991586549634,0.255579961001465,-1.69147835317864,-4.52300047537577,-1.27606917195168,0.0330598964210155,0.00959951040078404,3.43544057532,0.451679468293055,0.364303092143336,0.440175236205215,-1.12691198579372,2.48255155871087,-0.428825043889022,-0.668716288532245,-0.0715502426595642,1.27036127169738,0.657004802133012,1.28801083706581,1.50820616068161,-5.88507865940613,4.69602636207159,-0.451807295423371,3.58466556125418,-0.872643387038747,-1.16248701673537,-0.140584859430352,0.372842450733556,-0.169828152412435,-0.961406082722213,0.864478572206721,0.306502406753637,-1.57247177776078,-0.63468331839617,-0.984099104631032,-0.773681510932872,0.584287609256899,1.26427632259166,-0.323202936416825,0.444351420112421,-3.73898066056275,-3.16260886706068,0.751780958870999,-5.40393874237792,0.796913177303777,-1.20461473465628,-0.185000878419398,-5.58176195091363,0.377586963462309,1.78852387672234,0.862557372969595
0.0852224140743831,-0.133400527474444,-1.49915852238898,1.37520831426603,-0.210702928753012,1.23966160337134,-1.44992356163687,1.84675452607262,-0.80959555423243,0.276707153907107,0.294974969714323,-0.452533921191212,0.252040385241936,0.713150353314818,-1.14553365467682,1.72729518577111,-1.18214268645188,1.97306458404165,2.29054830076673,-5.27169615326587,3.59972403086626,-2.92316914753008,0.876940292011946,-5.69108242843103,-3.16606948809954,-3.8926175401419,-1.47915574927176,-1.07520623422695,0.253882402977119,2.48763281773775,1.76168378416422,0.70499347738092,-1.99963445564769,4.77829231986561,0.996139042856478,-1.66218359532646,1.40284491820016,1.65896948970666,-1.53223157550086,-1.50809708569156,-0.221107688444835,-3.58272198748721,0.801560430328375,-3.64609818347282,1.28802130424175,-1.73653915964311,3.13524529662955,-1.97738186669678,-2.92275662296584,2.22058470953882,-2.59479517756897,-2.42557078699835,3.56854717585887,-4.20727820449943,1.95298398203218,3.07065047078395,-1.46809183048838,2.49048837259205,5.93345281262607,-4.94454434437168,-2.39657388762003,3.03813234847047,-3.3430645299862,1.54361093767058,-5.29013626184491,-9.43879356487293,1.50456427251574,-3.72506543530424,6.54569491814076,-5.42450117853693
0.042025435782103,-0.0236266613852518,-0.130355573693784,4.38826563218304,5.3703876715379,1.92770987969562,0.10919351917812,-0.49212298871194,0.599821113970123,-0.711556568587834,-1.38274253776049,-0.500661507595829,0.615816820672977,0.157405035964489,-0.421317533720333,-0.747529282553687,-3.62299332144961,0.250541956353856,1.17389882287505,1.41875650591855,1.67482593928911,-3.53331101793942,-0.500971804408439,2.18597196702369,2.27279082238462,1.15967778487376,-0.801568038666017,1.64164740142653,-0.924049716619916,1.44263007559761,-1.9216645734684,-1.26418344161156,-4.35897303538715,3.77706271524276,0.835113283146158,0.495293094477213,2.92073312466545,0.938880406608074,-4.89472429395063,-3.04951057997294,2.86060910488791,-0.797993718792512,2.93939286445207,-2.67703933225618,-3.25769744472998,-3.18220097559232,2.15431663999536,-1.12161751366079,-1.7927917578443,2.14027723599792,-1.23845170121536,-0.905422918603142,0.296755629090343,-1.06937949651986,-3.21457428850799,-2.93601143956185,1.17204265169555,-3.42413561061843,0.431713106917158,0.734371051073983,-0.863176123217958,-0.498312424910875,0.000188300329596602,3.51664187542023,0.470193716126752,-4.44851696655207,-6.76732099187679,-0.888785802713985,6.87806618200753,-3.00183897263207
-0.688788613390635,2.49364870017552,-1.33258527631337,-0.880940237284345,-1.02782758981991,-0.742619993482491,-0.891836496884151,-0.154001973243871,0.0454995152051663,0.716187404268237,-0.360532388465456,0.342709779199114,-2.42047691810809,0.44881081214081,-2.58230830996745,2.5219275337371,0.977197849353084,-0.147035902688264,-0.772743383027807,0.660655700928228,0.354947180282517,0.682709824124004,1.00885034957541,-1.77179608805164,-0.288143403254516,0.804593411683345,-0.366423922661116,-1.70742383199417,0.944041174328512,-0.553286235605489,1.60797178859585,0.591279283320486,1.32587981092494,1.88832534439018,-1.89857352903481,1.61977575530023,-0.165258096976615,-1.1624528823623,-2.07752385946333,1.71124018584257,-0.633918016139022,-0.219811889335265,-0.548389515881072,0.606598587458434,0.064144238268079,0.312196611011889,-0.385268963042755,0.910907112545478,0.528961097037115,-0.124992331415098,-0.97032483244653,-0.251731716160852,-1.12109774848725,0.939670307563132,0.451957320429934,0.612166398179994,-0.955805686337674,0.882191700939854,-2.49199417936872,2.20205484375265,0.82767530302788,-2.57337360817139,1.41407658560642,-1.45413731437381,-1.04168404329024,-2.03117053215088,0.301522298146252,-1.76575105627123,0.437931584050421,-0.727332515389818
-1.85535745381236,-0.503563310660706,0.0578571122597228,0.1835731812448,0.784258164970367,-4.87963700428176e-05,-1.06529128767372,3.82084377111378,0.588254973671329,0.92483194597977,-1.92368343129156,0.481401890877965,-0.865014202717948,-1.93388025194563,-0.239333887837662,1.11545642816163,-0.709077027659259,1.40196494026561,-0.832712028628288,-4.35839348553368,0.0888052608312907,1.20524042859511,3.19460451106704,-2.95083817138957,-2.45117945014903,-3.61255076201095,-1.70929878633123,-4.82430809751079,-3.99670154117654,-2.9624198176371,0.257766697390338,0.0995335285068488,-0.990941830049235,1.83712837322862,-2.45007764347763,-2.2156076212524,-0.496913078377308,2.41069210802704,0.927347012907482,5.19229148677502,-3.33314131251846,0.118494166324384,-3.57773336111223,1.14108597066321,4.74125216127648,0.727242826427257,-0.123944282682819,2.013987938102,0.354687450211479,-0.679738185336361,1.00286513580545,0.800122516049735,-0.729269316222014,0.442665303070476,4.44731267901613,0.815044991461466,-3.63538301417204,3.24890600322773,2.76478266308711,0.693962502075755,1.69938093353222,0.298870282279243,0.0716251878329446,-0.628488118181534,-1.03694808213795,-2.3346809787259,6.0334326364994,-2.11829054594407,-2.86625506822435,2.70750287765194
-0.126985808061448,0.0905151957557056,-2.04293360108162,-2.72099730318959,1.97045950870151,0.760405391017925,1.30479607026958,4.38292511903841,0.104513725236497,0.634829258889484,-0.226859547951912,0.283763956452217,-0.0454061719838988,-0.0977153561236381,-3.54743719528241,1.40541044199183,-1.97980343797738,-1.01984201816104,-0.18171580897083,-2.65685532867116,0.0633984480349479,-0.937856048128995,2.93291833627592,-1.57088941299296,-0.674905815394135,-2.4606768617149,1.2577034694953,-2.17175608860098,2.60249654788127,1.21901435591673,2.56021584367291,2.30503781264104,2.71142961915758,-0.671303980609695,1.45934136405526,-0.303960504562658,0.562644187914745,2.21564788212033,-0.846266422405692,0.249155312675337,-1.49394288344564,-1.01164728179601,-0.691976431802906,-2.07531594237638,1.31453096298994,-1.83436497218236,2.09047254044478,-3.10342432407078,-0.904161489753559,2.88300974460586,-3.23353388994876,-3.6482912935646,1.32436979828744,2.01531445160618,0.362912817122923,-1.00051752164462,-0.316139355575264,0.454316752501067,2.5406395352845,-1.76007822751906,-0.154687072454099,1.08568424409514,-1.19733672430661,2.31549524184519,0.00481166188280052,-0.984534303829594,2.99281489063833,0.334386542911295,-0.763771135263695,-0.89396786738754
0.143992447240892,-1.61164834013359,0.379875054530189,-1.02811453408973,-0.0509969051428822,0.833105901608984,-1.84957238081702,-0.869420849439136,-0.48015158087308,1.19868267661158,1.11886104311693,0.675308373976801,0.49050923021425,0.753091090563634,2.23772611503271,-2.6518758858704,1.38152554014122,2.78605927115578,2.37072377341862,-1.02944265675844,-0.0526640114193935,0.817391791098347,2.22672914438195,-0.772843153707741,-4.66935810830678,0.120375802225979,-0.486651743008041,0.135815254359901,-0.8406396017687,-0.563651194180302,1.49027788338552,0.40838182536675,0.631364247489957,1.10038653246628,-1.24289254415138,-2.14890670477843,-0.49098842529737,1.13795214631525,0.410150528915133,3.58802327318304,-3.10933692404598,0.072842573387579,-3.35326316297476,-0.518132117076033,1.60171291347487,-0.802824244353346,1.30249723217278,0.180895910978893,-1.1671936909327,-0.484930750282178,1.29295965404971,0.709633449265357,-0.0759020581318657,-1.12058290343428,-0.138823413898886,1.53999269166665,-0.931568342637445,-0.178629802859632,2.26299045465373,0.191043492034054,1.74544019257371,1.46102298226298,-0.425171259093246,1.54648343125382,-3.10149614033137,-8.89537266268645,-0.388433119948278,-3.45520473723233,7.09468378322875,-5.64561570828674
0.441993323751682,1.17522351389578,1.19341041065291,-0.753167226511203,-0.801253802711039,-2.93353320726635,-0.29678381931733,-1.32933629979203,-0.566992311533146,-0.00561273313891027,-0.111211038818014,-1.07790416433991,0.43016163153218,-0.547370687502466,-0.620004453876256,0.576021633570931,0.863114412031174,0.474125395253828,-2.11976661646626,-0.513963799037904,-0.838305556116105,1.81737324459815,-1.28517292400974,0.0744842797120263,-1.10547531410293,-1.15960059977385,0.442982881861314,-0.991493165638822,1.22124247721192,-0.385881488390687,0.11059550316136,-0.669224141583624,-1.36305110602114,1.83035933574496,-2.44198121536643,-1.50072218006799,-0.274502298817245,-0.398464948156207,2.97649022615077,2.41510947392904,-1.45445487452635,3.35744508851254,0.175057589683927,3.57493589551688,3.43405283802018,3.24118254274406,-3.51237425014966,3.90724600505677,2.27429340226723,-2.41682212494764,1.63149176952155,3.81111478119328,-3.05591242330644,3.35826165677582,2.89205437625201,2.72656101406985,-2.09852834281211,2.80829252882778,-2.56040918581149,1.51951733472086,1.2775820702454,-3.31582689302942,0.684232367021237,-3.49158289002763,-0.331097195639188,4.92138010537342,0.266123971128325,-0.188855910512283,-7.22413423286842,4.29230083991367
0.274465160726184,-0.996311489060492,3.18892601129359,0.674495470390679,0.952633215765102,-0.0662152910389917,0.452683123748203,-1.66031763882999,0.160984402400684,0.637101819699248,0.971643003327074,-0.194753961795605,0.532054124354241,0.547548785626818,2.25656107269476,-4.22066941599353,0.0463273710726735,-1.73611936187315,-0.214381112910126,-0.0952808603213247,3.34525421346218,0.230180154792434,-0.665004985245204,0.57798473768367,0.0656654237453962,0.490423032627365,2.89617492194593,1.92659103817143,1.8743658403081,1.16635821134698,1.71175422776093,1.72925248904265,-3.53065492490113,0.700496816504488,0.355193081252703,1.32579985979403,-1.7600972780292,-3.06179355232264,-2.05075194434675,-2.10304403877126,2.52705077790813,-1.90736263344225,0.990938911674738,-2.03104022818407,-2.10458828427387,-2.5383221355516,2.58197533846597,-1.46310723682504,-1.28926572765474,0.846086027893167,-0.851766957864217,-1.35290349457786,-1.16105222205976,-1.10836271176848,-1.5411244730395,-0.238160619813085,1.56893564889617,-1.12506639489359,0.117101776780996,1.16638364597111,0.47584925808852,-2.52816543024762,1.43113864746676,3.06436783042826,-4.17397638916804,-2.57989437687871,2.06311854073322,-0.807334160718274,3.2684779696916,-0.656212172891576
-0.120733215771754,0.986225436667848,-1.06533271380316,9.21306850440126,-1.38253842477646,0.435040353273927,-0.628171940895559,0.38610796606053,-1.29682753658213,0.310564050091374,0.183799558498848,0.625652311001939,-0.804830833578275,-0.0350780784288819,-1.76361531971604,1.48985854072737,1.62067607576935,2.24260491479864,0.495436393355897,-0.702251062173588,5.56403357533569,-0.687605011731902,2.42523908405938,0.919205688413214,1.5267139519696,0.413560929084292,-1.92019883017462,2.76305515027457,1.32456897243512,7.54207074269319,-1.84623648391432,-2.24465186469491,-11.9708704582371,5.87990489604943,-2.05712137079312,-0.514345416018395,0.385649124593855,-2.73803745192756,-5.91017092867519,3.38751074311282,-0.752872341832155,-2.94964503463111,-1.13226562567637,-2.43359000868177,-0.974993884486908,-1.69229175083198,2.83099733808259,-1.80954308921354,-1.11095281865568,0.945882098081782,-0.247141769979227,-2.73179919084812,1.09510384740985,-1.65450101318767,-0.717509691049774,0.982699437489757,2.25433385131415,-0.485533068778225,1.52546498842618,2.5007382721763,1.34890669327974,-2.26906129971508,3.05318593740436,1.93821654207203,-6.5817442350023,-9.04646251785451,2.90007280324239,-5.77570755515343,9.37967968984555,-3.26293337275069
0.085610684988897,0.334653772042891,-1.08080407094692,0.189582352944287,2.10601842343895,0.932213751029695,-0.649733851932398,0.862539877550228,0.107286962533803,0.667922701816829,1.72925320005032,-0.466100102032933,-0.383818460008454,0.760200998075471,-1.43128030522043,0.27405972410504,-4.72238899873529,-1.09113714120036,0.602574127620988,-2.45750036054009,2.79911700243566,-3.6739394450652,-2.76562688220476,-1.45195005109944,-1.04602221511158,-2.26203014180279,0.923458266775668,1.51857107100461,1.99199248003268,-2.37772729287627,2.46876457627594,1.85139965024489,-3.66074756140109,2.61087983124206,0.707525282435693,1.23559252345368,3.12084688165967,1.58224586760587,-1.93388437853587,-5.76631724356803,2.01563265180811,-0.468464717426627,5.30132499900983,-0.966409074789609,0.568006612170395,-1.32410563789139,-0.19225532126458,0.143214398117833,-1.06158080825237,-0.957295554224934,0.782333659773935,-1.13171062847618,4.47792355261328,-3.51198423218781,1.90084867396274,1.37541995241985,-1.79956541924831,1.70434983228742,3.31104733440216,-2.16848136860617,-1.71093058567782,2.20148850637052,-0.283736233831818,0.322775528655282,0.6842417549823,1.86105757465105,0.0442713100978256,1.57803230609541,-1.26494908873867,1.55901959247814
0.654972580062235,1.37695755683891,-0.406204064226906,2.31651394494665,0.0783692034132293,0.635021591880638,-0.167834966478762,0.964557653584569,-1.05891304040468,-0.153903881061943,0.367284915017343,2.33397776203639,0.932175986754454,0.369226322971786,-1.24774182896224,1.40694750918101,-1.07070585315293,-0.64566383080623,-0.124535004871964,-0.0877125559900438,0.228299643348314,-0.561999776726795,1.34658552695505,-0.149436866945115,-0.53508825595092,-1.43096753925844,1.29593071896912,-0.605524450988554,-2.10689835512763,0.525096610967002,-0.759304953743622,-1.63260919080303,-2.90913309870297,1.08340918657621,-3.16664218066849,0.382061278373533,0.328823813868689,-0.202158745228349,-1.57150721355562,0.464864849188855,0.51684697934288,-0.201877444121915,0.431975515458519,-0.261512164285873,-0.921820046312734,0.685119584852545,-0.456003229243865,-0.999576613071077,-1.29475216134739,0.617471173806289,0.444035294647587,0.566007344633034,1.14885112300061,-0.218040889964184,-0.173287433751332,0.720913486774826,0.797530870538266,0.879941398329667,1.16742801610367,-0.347300180202549,0.668481608146394,0.0387419587123256,-0.12528319371199,0.370573973184782,1.47456248261141,1.94854162122804,1.59095871358877,-0.240689065246457,-0.928089526450619,0.388210695445984
-0.774352746989915,-0.19251458215011,1.51521332975031,-1.2621133859563,-0.90655524648931,-0.0187517817616607,-2.8808806294634,-2.31186329662399,0.231394522444636,-1.40067859986235,-1.01761965036644,-0.458641125278665,-0.467944933959295,-0.369992871597142,1.25639499197592,-1.24185616473845,0.633157206427951,2.61950771541033,3.45601861367424,3.20996488326617,-1.75002719978522,-0.0761244385182323,-1.00241590117807,3.14525731372102,4.7048823028573,2.14717721316043,1.88013464753653,0.540740356869039,-0.348487466951797,-0.314932595181579,-1.3161935576723,-0.209466686043216,2.39917403818381,-3.22266342180498,1.50569781404414,1.0114778639653,-1.16898966119945,-0.963722108362686,2.31254499465876,-2.08565831449664,1.25112953579761,1.0369864679873,-0.121187392604578,0.86789411422802,-1.05213535934033,-0.661862165294151,-1.04186190767093,-0.98567085624259,-0.742410961404177,-1.35916106203238,0.909732356627302,1.19498296291586,-0.545611698452759,-0.725941190699501,-1.57933597550425,-0.143028963611469,1.59744899768732,-1.97392329300724,-3.72697398987292,2.14704066089045,1.29151594291433,-1.88219281647576,2.4403435726373,-0.741474888220944,1.66018945954117,-3.24152450786553,-7.67916269874763,-1.94607181416068,3.94378682839855,-2.81196315711132
-0.171411617874668,0.991477080052378,-2.0999842725144,-0.515325268227377,-0.177596025988064,-2.24868899870191,0.0327289050023912,0.103457902332811,-0.304894539793034,1.43854453293064,-0.502850119088236,0.873496698195273,-1.46987794670287,-0.0450863370929585,-3.22281021468446,3.05590054184105,1.0966132310348,-0.605994787383458,-1.85479915984577,-1.52500507836928,-0.530745100796289,3.07164913900145,2.58172900039011,-1.32203781447168,-6.089936698819,-0.349496304689154,-1.47506441430009,-2.97042456140127,0.783431304063044,-3.79018160567521,-0.647796532994425,0.48319440244255,2.15997502125658,0.993422346261829,-1.64568333544212,-2.02185519824327,-2.91883902764905,-0.801348318145234,2.21310378770169,4.51052334343694,-3.60447819963585,1.12155879102632,-4.27226065707093,2.12154302388672,3.33463156889,0.448849343066087,-0.719970023924028,1.6812204581008,2.65764722577498,-1.94941420260748,2.12030875865726,2.24342094202925,-0.0152118108085493,0.382036485749889,2.55530413164699,2.59013701212929,-0.475134118555881,2.40941797442867,2.98308604501487,1.01910106419451,-0.320299485972438,-0.576721924238774,0.551468617569727,-1.23963742925929,-0.419103083476947,1.36097379022003,7.64497966212869,1.14529810386312,-2.06836838889615,2.52436637336954
0.999001131454004,-1.04427660477264,-1.21938009923166,-5.01518898068201,0.501524364559553,-0.0911773400146246,0.313943411678889,-0.951330288719488,0.00430679173827397,2.24211530807158,0.327348276850071,-0.658946424783958,0.183387131039571,0.65270696140518,0.432324023051678,0.18781527619278,0.800423725291496,-0.0398590605728006,-1.67275197613736,-0.249719651775665,-4.60402839548674,0.597971316647229,0.913071778447182,-0.419190526392492,-0.743165343097754,-0.0187248020263965,-2.71212639215949,-2.59857522805284,-0.950751158329155,-5.57873734704749,0.568736575337601,0.470454873360888,7.63046961079792,-3.27234054067581,-2.20574339031506,-4.67944607026912,-0.420267238695933,3.1299905255935,3.91136361597149,2.52983677114874,-0.145309554954625,2.1227088283284,-0.717010213321235,3.07994086965095,2.29013387651063,2.46302396683883,-3.17876908959816,3.67579496405467,2.4546404018269,-1.31610802590791,1.01493093671532,5.86180076944908,-1.18018719702983,4.00318662939765,0.0348616084668469,0.679796546350192,-0.161742344740038,0.478870427701639,-1.5296685875246,-1.06936838188261,0.00994945222703081,0.338059260117495,-0.83260706829802,-4.92372628432499,3.50506448120585,7.39293744486172,0.561064488194534,4.08361596981592,-6.98795335102669,4.08579120096275
0.0455991603158368,-0.0846787729157917,0.025333938313205,-1.09777876809685,1.13246613047511,-0.154985196051056,-1.15968930834503,-0.93425251178431,0.628961059103016,0.225927810876861,0.0351173140417177,2.27044360496315,0.0825278438654415,0.207043263265221,-0.546151429459553,-0.467888552152618,-0.402099691612917,2.08510738594461,2.59013627441562,1.53714504196796,-0.803124293135716,0.461686170582527,-3.91444712381015,0.316409890896805,-1.67267442364557,0.382341104423687,-0.442316739958934,-0.598968945327061,0.15842719222303,-1.80203711566359,0.159827518698489,2.11745744029589,2.1513713538658,-0.975786144241268,0.472084361243037,-0.197481555587898,-0.82691578155936,0.262911465629679,2.44262427677755,-2.23374668709697,0.337126160622987,2.13478504113381,2.02959533518321,2.47833555127125,0.726673903778297,1.074259253758,-0.694198961182666,2.27994880244398,0.832470618108083,-3.11348723405072,1.65427078749434,12.2934325634065,-1.47401968052131,1.77684947264056,-0.0699882369815521,-0.650082360096062,-1.34912794496549,-0.0640639580948216,-3.59843504845537,0.658456617598249,0.992955220841213,-0.039915659814713,1.3906015645821,-1.94847068042214,1.43277983477281,1.00354913251071,-5.53961754987859,0.602040681907427,-1.39633660615748,-0.720317899361171
-0.0791675237055783,-0.187730564068496,-0.0496396293628561,-0.13782365984391,0.165980479915541,1.33208774983149,0.311524496719028,0.641550479402199,-1.95998301670127,-0.827313386835641,-0.194607430684059,-1.80475679225249,-0.75298783941052,-0.530900404345725,-1.10053041809067,0.00830552814622149,-0.528398562495114,0.3663346791007,-0.271872963189291,-2.99984356490369,1.38471309046432,-1.03704299020805,3.01320256836488,-1.79445282033216,-1.70296561318915,-1.86795634162802,-0.628400998976062,-1.37061280391217,1.55324188377301,0.65784607715661,0.681624097065562,-0.742274297514739,-0.283547754396108,-0.329663539698506,-1.11741258402304,-0.801837158024556,1.14823030582819,2.3893137107216,-1.77215706067996,1.58603604086183,0.309409330287197,0.832954053310374,-0.647097452916184,-0.312757808486937,-0.0398590185002305,-0.204257913099883,-0.0161367517362976,-0.252118645958801,0.436891972200353,-0.639617984484431,-0.91917735014481,0.873272326260733,-2.7357417582234,0.14817935695683,2.58233146804339,15.125570638358,0.137694832560748,1.10515210369127,3.49571055837473,-0.793349953674145,-1.59602861009898,0.55672174523491,-0.425421177536553,-0.262369279556605,-2.91140092779158,-3.32987733721566,3.5526805597872,-0.311055617847163,3.1909934007804,0.940206213658991
0.000464846638804017,-0.582207441807957,-0.694234475939012,1.0586237465844,0.0784760225159374,0.0114514553554954,1.35449870925648,1.40690789162107,-0.498520470506112,0.21323985265824,-0.498016256988636,-0.465168529964361,0.252794191024613,-0.529777454564753,0.488564465190541,0.882754476066118,-0.667463162460829,-1.12319256333283,-1.19170908299805,-2.48678850186674,-1.86924482070702,-0.51000836180882,-0.0253238165732859,-1.23227938029178,-3.88579645194891,-0.513228272819142,0.802965814483124,-3.25247676454082,-1.63661510173841,-0.91978684002437,-0.853903371686788,-1.40704224174427,1.21339005800367,-5.3756087755709,0.548638397336029,0.830688376867534,1.15824784687334,3.07426263090364,3.51374755205526,-0.790092770301531,1.64141939825536,1.62656341618838,-0.148614300196097,0.228380284489248,2.60207121012746,-0.825348800674424,1.4322772092296,-2.36799178730042,-1.84923805335837,-0.390804290517614,1.88816777836176,0.698862790163157,0.1577362417158,-0.631174630836307,3.69266084343752,3.78481555387745,-4.01453995662479,3.45479374134561,0.611927792327654,-2.63958362508402,-1.63941222848852,2.57301127517644,-2.89560673920318,-3.48910734160322,2.14237368454084,2.04139617777004,1.35709204612625,1.93425598383347,-4.16196453665725,3.07234711599313
0.509409295864202,0.0231864893852626,0.540540269187495,-0.312659277440688,-0.508555683603226,-0.0293633024769298,-0.395080689925804,-0.180415736301568,0.485320704897911,-0.606500061634942,-0.766035555259014,-1.01308240180252,1.32075473415802,-0.15292114981222,0.125495803088847,-0.521147941306402,0.444714586860842,-1.34155575342982,-0.301842743554545,2.53201135444904,-0.11610950915434,-1.49926678500921,0.213534720712294,3.21923425813253,3.82468070856175,1.21078111293562,0.29296105544626,2.25448298745227,-2.21035867578108,-1.49332958704942,0.961918141016683,1.15663632733592,0.34325511487095,-1.22157206730022,1.46599727755875,0.765121682796358,1.06450312685815,-1.38978362039616,-3.26690029153392,-1.50085165589628,-0.192795312038029,0.822785646838708,-0.905113421435262,-0.0962104962332892,-1.21749834062442,-0.908170708424501,0.242903777937966,-0.942977011531322,0.443440708582686,0.392004652871787,-2.08832584237734,-1.97878007944194,1.0726900452445,-1.48730727306041,-2.52288641613067,1.28317827953949,2.89687735912763,-2.03177888050812,-4.72908925704798,1.77136021356787,1.87804524735949,-1.35270690539241,1.20526676994746,-1.05044863138728,0.980147406310185,1.82037703524572,-3.60135204133315,0.749418614710618,0.180497218474167,-0.449167714910376
0.088987105857825,-0.486909519688161,1.68650118747031,-0.508021055791108,-0.746317491115147,1.00219796940214,2.00309172397144,-0.533525536439712,-0.528925625873333,-1.28192263453282,1.37113724042068,0.114484719496087,0.18662567355168,0.724660949280868,1.62665147974896,-3.85748140753889,1.56712358129446,-1.60268372199143,-1.03121463739354,-1.33622808625281,6.28816928910691,0.103280998760518,0.988909917669687,-0.752051070290775,-0.250774152877463,-1.51009951208168,-1.11397463008102,4.8662524645061,6.31767445492416,4.25976944622749,4.41352747572849,5.21981022256598,-4.98380920779288,3.17916098745922,0.886085111959626,3.15150811454568,-0.707123825133412,-3.92272587090307,-5.19594095712393,-0.418318692138334,-0.82469060799774,-3.20617682346492,-0.527485670753882,-2.84110988100162,-0.50496721779108,-2.05300669978142,2.75318841021169,-1.71393418432625,-2.23355862336875,2.17109694174835,-1.39646619160466,-4.15228398699732,-2.15370886877337,-1.62360543151453,0.387872032043493,0.987273659587465,-0.229433918112981,0.12277274187706,1.53744386764341,0.355570462387889,0.827671051785153,-0.71118961484384,-0.748816101130302,6.47460636124411,-4.4875433330457,-4.44013778570082,7.00807754237474,-3.66890182654487,3.94601217555464,-1.0081726582177
0.0875779691548922,-1.24453988797281,1.5817132436197,1.19287039500058,0.0734303050654151,1.10204712779474,1.02920347327774,-1.44176087655284,-1.1779212290993,-0.933702797921312,0.0798240977422906,-0.569125639299886,-0.33976746004275,0.970214942872464,2.62287622000473,-2.82934233943511,-0.52238938944165,-0.646111530060714,-0.159704237155075,-0.845158274337713,2.05655716620836,-0.964551544204195,1.00168137469409,-0.731142523248403,1.57227286797678,-0.404829173729882,-1.07603099633541,2.21834440192034,-0.219034625317758,-0.827325080241293,0.27245160937954,-1.30595343146233,-2.49286269508435,2.15901473367204,-0.1746685784566,0.946133717039505,-1.61227675991306,-0.895856856026042,-4.15768932957606,0.245025705648733,-0.0963269935492008,-1.07774137963058,0.5223799759459,-1.07794930312225,0.636041671161458,0.301461249527528,1.45787220675153,-0.644511659398185,0.237802201085317,1.19645835924895,-0.00570752852445289,1.75657409075327,1.91957658978157,-1.36443602498425,-0.600980171892173,0.613358641727773,1.79131696523065,-0.714156166805803,1.10102040513534,-0.288878086836996,0.807852778109404,1.09994183696807,0.69141320679104,0.202165502386385,-2.64009700784876,-2.00604679338808,2.71264129863915,-0.746759749258723,0.673667387254324,1.55105339552814
-0.281821659238687,-2.12133447443068,-2.20279983561641,1.08240339324226,-0.409907197335614,-4.62487117609153,1.29010934252871,0.872729619893018,-0.274759104517478,0.496226244330058,-0.00531208796373103,-0.0255801214024,-0.182627251617903,-0.645055300789781,-1.26151494777715,1.11524013304862,0.345096675514402,-0.120531515143508,-3.33293252414686,-0.725395192973527,2.12763692265731,2.81959639890212,0.870300302809205,-0.284081979481846,-0.285128374445689,-0.20536473027677,-0.260554183445873,1.62984565666792,2.52385402854462,2.90414338857694,0.628921078664705,0.822842396431417,-1.23675809403185,5.16133671847649,-2.68309557686218,-0.356431824257092,-1.58604913528847,-2.8040329575125,0.837855501964451,4.8219863134501,-1.55368403979006,-3.18032243003267,-2.74089359704649,-0.728822984018574,-0.516498205243427,-1.10507117089688,0.110989286744278,-2.71920261902703,-0.230558817701012,1.16478572083631,-5.87507097367472,-0.269520628788731,0.436889835579605,-1.72741239347334,-0.17874634795505,-0.541665454636138,-0.547307013789499,-0.372554684426302,0.348204541736987,-0.229900242092379,-0.157601025631221,2.66534413536627,-0.565915839146101,2.99176339662619,-3.46352164078854,-0.646044664280818,1.59408841750644,-4.4914289804903,0.301029555143665,3.67594011389609
0.414038881215686,-0.7534654573665,0.538144428987537,-0.769940953211866,-0.993089772165701,1.13972477847875,-0.00109149871189391,-0.480695222665904,-0.749290006038716,0.0364342218422741,0.804893425145017,0.574263460695839,0.228185722866666,-0.0715452216076896,0.592109221011055,-0.98555057478365,1.8159113626819,-0.00474647124739119,0.28600881663884,1.32507365774615,0.451431300140681,-0.209003648650954,0.149541299693361,0.198415313045943,-0.924641242911746,1.37391478646482,-3.6395191244337,2.9034113870656,1.81595233252236,1.77471913703365,0.650635492871612,1.28013929360201,-0.618385845391622,-1.18255087723917,0.602502697386098,1.73771416347714,-0.673644269508616,-0.527618879523509,-2.82002116344124,1.41062790989292,-1.2099311168371,0.606930899398526,-0.622312975075389,0.242981087010865,-0.561629747640906,0.00477789094165737,-1.49895771933067,1.07736623580181,-0.231103436215267,0.506359886384248,0.113495377542307,0.171141768369089,-0.155604921021493,1.23670460686034,-0.113147975065108,-1.00883773131308,-1.0464016131996,0.071979320447846,-0.943502699118173,1.11479337483622,-0.220154984629147,-0.668372051298046,0.328791185193141,-0.625231572588122,0.76918634900118,-0.418038791108439,-0.906367063361582,-0.0874254070108642,0.479468069573036,0.545250151731217
-0.857210398653664,0.96651831080532,0.0757201197977455,-0.245740519986827,1.47232542483999,-0.246481729406608,0.117579891600449,0.0906976151639334,-0.612046734977874,0.112224156887977,-0.170307956860166,1.36938564173536,-1.82247466062096,-1.03349329891932,-1.15056706183196,1.48278843140132,-0.640910759046972,0.00639046700960139,-0.817542530890586,0.336487678500352,0.058849583523144,-1.33948063983222,0.7282173860925,-0.994742661449934,-0.300194677137416,0.0812883634188026,1.11512299553411,0.783846814696004,-1.30266305866549,-1.4821437653567,-0.576516284598663,1.23234093666962,0.430353187586198,0.622203829238639,-0.321128223582139,-0.733792582048154,2.68784452203898,0.271689176797058,-3.10629603000974,0.243919422990908,-2.84941633611359,-0.384016646143077,0.465294388503347,-1.03154410324684,-2.02042337337277,-0.437119437464499,1.0917796708062,-0.0587007814261151,0.163838504298728,0.762624773294674,-0.731519662740931,-0.304698358665139,0.611848859954162,0.0861928862206477,-1.17809705039082,-0.102164672295628,0.234074485447923,-1.40671489142234,0.825497858985342,0.132943802695648,0.0830523471037396,0.25054522143832,-0.937162530709237,-1.95301685726992,-2.06019180349169,-1.09546470220937,-0.768558039503288,1.15337816255227,2.58927722469343,-0.905552751243344
-0.279051297388849,-0.551908231877926,-1.0122718719329,-2.13676332092321,0.681972749031126,-1.13548805745866,-1.08020113840891,-1.23959407256673,0.347720669727151,0.581704299200021,0.285588243715331,-0.777350869293935,-0.724375406252068,0.328319430057253,-0.152452315838687,0.537643986813481,1.1217857694378,1.91783362046056,0.154761462906461,1.68131858511995,-1.10895308492446,1.3856139174767,0.0969483875431527,0.692455774513765,2.40967474855327,0.425180773663917,0.873333454698169,-0.524482999582697,-0.182893713628956,-3.56062209333894,2.012598716953,1.71122851651549,1.82489594713257,0.330713035587022,-1.72092077378125,-1.15488085984803,-1.72581925078649,-0.953121979102901,-0.277294935363989,2.85573704127093,-2.97451902228223,-0.266853443944383,-0.458732037117144,1.78096811776409,0.139222110119079,0.849206322921503,-1.21202701514117,1.42219858315236,0.922758773415938,-0.988187664626511,-0.830531007633313,0.753924428001434,-1.07748572769858,0.601759511691362,1.3452478358218,-0.0972166659232218,-0.35811674102539,0.131242701568707,-3.80214177254869,2.13522819028554,2.31456636862292,-0.583601532259381,2.25401915802139,-2.02017682497257,-2.06016664979689,3.4489519618324,-2.01982446194674,-1.85669041955386,-2.55205811811783,1.12766503749556
-2.51520945817542e-05,0.184532416639151,-0.884331993740856,-0.526168216120736,-0.0966048616547489,0.692483561136483,2.31769595771445,0.228364433480619,-0.769064384508212,-0.98066172653492,-0.121294939751444,-0.363188259935897,-0.553539951286052,-1.39272010580292,-2.68064009922177,1.41580444461098,4.716137726021,2.83954279861777,-1.50654190411534,-0.199148145429382,1.2906499847399,2.65219554065806,0.287573655921361,-0.577838753015488,0.391487570369417,0.0823386064636309,-0.75098266061204,3.08634609233445,0.348048341678441,1.75735298918998,1.01754700817308,2.26230184373648,-0.373138425345901,3.36015789806539,-3.47777522000277,-3.06937327176831,-1.70384918910688,-2.52516241811937,-0.207615441941639,5.07888030142576,-2.48261387574016,-3.3654177571572,-2.25938891272732,0.846860873343022,1.25018564661423,0.518359865253489,-0.597386148402535,0.845511623327955,0.562236753104501,-0.511109968550213,1.28286269694348,-1.80709617363587,0.540886707657189,1.55610558034014,0.654858990496783,-1.29785613121023,-0.268570382576371,1.3914252659567,-0.946668901282597,1.63472839141544,1.00288967627499,0.972096911202404,-0.201869794256682,-2.65795861020363,-3.76854854737964,-0.796791110818688,3.08535861855445,-3.84592571067106,-0.286290617121871,0.421257798925912
-0.916441012344201,-1.79133755545925,1.53514797229787,-0.821929163909667,1.15960801179317,1.54504078745678,-0.443707885533562,-2.08665814462451,1.26223262967858,1.27157642997229,0.190174426197441,1.15701281749454,0.135307065364596,-0.905106774061954,1.30631929575417,-2.39249115904307,-2.0510896140064,1.73268241789261,0.243660456948263,0.656037613039074,-0.299139153240879,-4.91467805770742,-1.40479969809294,0.109402394438403,2.12247493793875,0.0383455384360731,0.183232684552797,-4.40929869188836,-0.137409378361437,-0.211221647917744,0.260874220438759,0.0726378156828822,2.05367429650676,1.47698352104537,-0.761845137425348,-0.801989228942844,5.32557554617102,3.26326366545364,-4.02469143593583,-3.41527017777185,3.15176814271819,-1.84814571984771,5.01868155569073,-4.63261152241466,-4.64145081614978,-4.97383683764542,3.55328154926284,-4.69133914294321,-3.69329412176194,5.35389200677843,-5.08003874080809,-3.92095681488848,4.02653938447681,-2.95510866249634,-3.56656072297746,-2.51760534614584,3.17939333560642,-3.76433633128202,2.56010245613298,-3.94430395936584,-3.5080818847481,3.02417034707024,-2.49692996235405,-1.42340185024949,-0.422072344802603,-4.06929627014819,-6.08210642831892,1.03878260172239,7.26199547984402,-4.43831323080882
-0.210053432199186,0.194924551195152,0.0189850076417502,-0.537758983434349,-0.279195774169372,-3.72946802194034,2.25920881039412,0.279024173448052,-0.336944721624671,-1.00631315438604,-0.291225290693357,-0.863785026093313,-0.750098475705509,-0.428657479273204,-1.12913493425478,0.1891748170148,1.00832121540928,-1.9243362602443,-2.55088948623875,-2.00480643609847,1.59641937881605,4.54682097676835,0.715406615643199,-1.66332376898795,-3.59859077430263,-1.85397082758296,1.60753105613371,0.602991759243522,0.452153394981373,0.755925210415619,2.14305811366303,2.47144137518138,-1.02422382652781,2.87187052286319,-1.15762076470753,1.62094062941972,-3.7909174854946,-3.14987421709185,3.52508120123563,3.33526813454988,-2.51571336946565,-1.07543866244528,-3.62035838059382,2.02088440666929,4.56647246352193,2.11367218265141,-3.01623772953213,1.61626639439356,1.87057897157537,-1.70181075638396,1.02621537777922,2.31757345276352,-1.19097634667626,0.354566453310137,2.99789524645478,0.948035073426433,-1.87842109089464,2.69077240058856,0.0624281747690962,1.33540240172009,0.801468476972285,-0.289438161065622,0.72800779905231,3.05148998005449,-5.80974545659742,5.51568393412792,9.6880579238569,-1.19674407888417,-7.99717734639033,4.38175534250656
0.413886620736879,-0.141396037564292,1.92072623605162,-0.0449600200709375,-1.26663741338333,1.16424481578674,-1.86398866376209,-1.80743695462186,-0.855715876580136,-0.979432637103854,0.249216783146029,0.549666877197091,0.266714121333073,0.801419328097968,2.66601516323462,-1.18731804158593,-0.489711861657636,1.50407276309188,1.96589052840242,1.71803935319982,-0.138374175794271,-0.927211118979648,-0.0674285996018981,1.82927722043947,1.16318321010793,2.27832937329825,-1.17192756940091,1.5980196550734,-1.07949672419961,-2.34563358133963,1.13758230603875,2.83345067536274,0.386413256121424,0.14036665059411,1.52193276963411,0.72776700534485,-1.23948257377796,-1.66227561140562,-0.932019792617432,-0.0771586032087754,-0.765571970969703,0.890015716788262,-0.66973434293592,2.48674345690531,1.13912781051941,3.1899760348547,-2.82903005328271,0.126280194679957,3.60836692386665,-1.14227038668167,0.0298640634682616,2.84110306344146,-2.75465044825826,2.12435567287096,0.69246080181837,-0.929791031455834,-0.400722530456857,1.69987748192363,-1.55481685859602,3.19436948166855,2.15056995447342,-2.07338480423296,2.71201121125494,-1.97373635134811,3.45855176136046,-0.746698567933086,-4.67527399076916,0.605765770226445,0.16372727031011,0.475197006211326
0.902743779822989,1.07523933256162,-0.0504718855613301,0.397469623669224,-1.05518369103113,-0.0144460693902323,0.720335156141799,-1.23902932533765,0.852130280177557,-2.97916796256238,2.533528195348,-0.107206823906256,-0.73082790741152,1.20522052499463,0.282574799467751,0.670980434091628,1.40067599326983,-1.09614732070981,-0.42125803130533,0.410317432191669,2.39520922039536,0.885070812564196,-1.18863381124527,2.15276089736168,-1.3062418116763,0.230017790929059,-0.809349905305204,4.41135199386883,1.74005786647803,1.03334862891836,0.297345575800583,3.90287649454851,-3.41539344741498,-0.319639249206197,1.85220796942101,0.30879477473627,-1.23128843938189,-3.43385758098762,0.970710551598539,-0.71257346460086,2.09218400310712,-1.92208433465297,0.682425584364544,-1.24236941818546,-1.5084987644686,0.471219807110238,2.55326974394156,-5.03914008468785,-1.48489183926028,0.630342564395514,0.573556090742424,-0.186507475465916,-0.00244590955807433,-3.54750033567978,0.531612275904252,0.00593722529376439,0.698579317490937,0.471958676758244,-1.08588859869495,-1.01196571855132,-0.634139502192844,-0.54901601529003,-0.401358614871929,3.4954981868932,-2.99019590771253,0.00537883657622118,1.58949219004161,-2.95423131974021,3.20738507485066,-1.41274913902038
-0.224903190735717,-0.440015480520842,-0.370102790936126,-1.18938663674055,-0.93567258232669,0.560347642108074,1.03811803660372,-2.65964538802584,-0.156330781893786,0.0514437217839442,1.5224593282103,0.254666894143236,0.00105767753054245,-0.204836507705821,-0.227831508030359,-0.753668337695909,0.31289468666786,-1.15041106094087,-1.38645572048722,1.04768390893783,0.631336903430367,-1.19776216639926,-2.39368735379916,-0.0222859972168108,0.775001983512974,0.226653089521192,1.7139696335562,0.412820568494358,1.68460214004442,-1.5715516861404,1.0907373368998,0.664589185884122,0.285867429693699,1.49376820825308,-0.75666149018125,0.627648032360144,2.17177959815918,-0.35243063001605,1.01240376689116,-1.83255216239453,3.91167329970644,-1.10179448528961,2.69825431556531,-1.15432357748387,-3.84848150836987,-1.12036311915965,0.833276110759243,-2.44759470649493,-0.517602141745134,0.322104117641052,0.805247966813699,-0.067990363627738,0.667870600351708,-1.73705984748844,-0.79584224311736,-1.40319801142785,1.83789061890956,-0.64259960704682,0.293602099054465,-0.929207785254911,-1.31614472868606,0.296618712060329,0.163220546700115,1.50679685866311,-0.843645213144364,1.17045428887653,-5.87589652186986,1.27927566059621,2.90441522547016,-0.847696702435562
-1.50964785749757,-0.432635306750571,0.942706580183487,1.3964013736611,-1.07431967522868,0.540907919022363,-0.0161079320252094,-1.38439389006732,0.185919668988733,0.43940025955729,-0.502642331370587,0.709689898419659,-0.0681650103792547,-1.77546470290276,-1.66781033839582,-0.554460389605597,2.14858421228868,-0.932679848559338,-0.182492944648685,-0.11238571473387,-1.41928475060918,0.100429398535945,-0.538863829003661,0.331425875079154,0.391639585379472,-0.258724339628457,2.13096048957099,-3.58754894901558,-1.08774633807124,-3.12662167972595,-2.33297122588563,-2.75877341369996,0.39402101818039,-1.63698252921616,1.59794525968968,2.42382609920809,-0.059450323783533,1.30113990089332,2.53927910361684,-0.0696002508707191,1.72938033264705,1.14166465882235,-0.224723392471783,0.391845558932625,1.45124115183148,-1.38828831949827,-1.4211395716342,-0.541518544107298,-2.11476669137628,0.283661431383068,0.439331928737045,0.0647454422314389,1.41676738433086,-0.415291137482619,0.493923200125265,1.71639414742369,-0.648102303558826,-0.250443516584143,-0.954179458230572,0.523408875659484,-0.415185518270814,-1.03220796724723,0.823268268808909,0.397032447755259,0.112913627300182,1.67600497045773,1.42685619947602,1.00117387634442,-2.44165341299167,1.52097421613336
-1.11267445260466,6.72288788595392,-1.15065453968785,1.10458033765283,1.29483629777735,2.00491949567941,0.820438481789012,-0.317684741018566,-0.660733063094313,-0.157667151974731,-0.0511479569266141,1.08461713693659,-0.8286532906511,-2.11025058473327,-8.66153507020933,7.26907887811952,0.114108326886828,-1.15721062100414,0.780464235075713,-0.748203717200942,3.44890965419465,-1.79054538856538,0.0996727811399795,-0.384448989474064,-2.23684608527949,-1.07001712014738,1.84729185363612,1.29484606562283,2.55947421403358,2.68656893477302,1.47783782811788,2.16128955933183,-3.70859104836857,1.16889381087704,1.20757885964269,1.39440013248017,1.04300850161563,-1.22744618129049,-4.04732422307591,-3.22395233200211,0.324462163605453,-3.0885109203223,2.37609972488003,-2.67898118457369,-2.21328908710937,-2.67769688804242,2.40794879303056,-2.64663325449483,-2.62010963075717,0.95087648469423,-1.93651505837951,-1.31804535240416,0.740577475370044,-3.34785529885936,-1.36019462700492,2.43830729746677,1.5021087134693,-0.511164370887378,2.54062371130455,0.331621609379958,1.29850479206965,0.182958808859631,-0.231778994305118,5.03355513171405,-1.32143462818192,-4.66770032785713,1.89960230900921,-0.783356750118566,5.59280423487507,-0.627952397847071
-0.539760760342918,-0.0805804936674278,1.61553567853983,-0.806735726493704,1.0701806626308,0.93652330077811,-0.942242104361135,-0.722723943771021,-0.274875483436848,0.821488166348695,-0.420066944449107,0.421920154760089,0.0939556165496762,1.43876142842605,1.57623658540115,-1.99189314856938,-1.57980067918128,-1.8644855349599,1.09519414404246,-0.960069210849136,2.020687505441,-2.42796893898182,0.314235527202159,-1.26031605546149,-1.12860568297065,-0.426568500085359,-0.0635825847249764,0.764627425563106,1.28932453128065,-0.413614400234002,1.90763932031016,1.95486424673827,-1.00696638002634,-1.75552175920394,2.16401976807704,0.850108044902468,2.05941379374082,0.687012419690438,-1.97141115972326,-3.33696600084838,3.79366548276015,-1.93558540915954,1.09561534994568,-2.39833140394363,-2.3877365832382,-1.86749672318443,2.36679393333582,-2.36464700560964,-1.14673472335165,2.00066841874828,-0.706347406800916,-2.91635714794855,2.2354697610447,-1.27918663300346,0.232888879154594,0.0456359566446216,-0.720443844372154,0.366452784605845,3.58915677045048,-0.391909076821797,-0.0788393037226492,0.890063259005607,0.137176922290453,2.23753165929973,-0.765509529589598,-2.45419935425738,-0.876756849962926,0.314065271670611,3.97802908731983,6.56420691228748
0.0781672267180927,-0.507719376234599,0.0101245516144157,-0.140657198556451,1.18912291444976,-1.41877604308033,-1.62217442592132,1.19767000517388,0.325751708001762,1.30672665685603,0.0310057772931159,-0.889399763574206,0.809180866364063,-0.0113882283232342,1.53952870683898,-0.631231482019637,0.48199424373596,1.75853154843825,1.41734443957595,-1.34822405051471,-1.26226494158712,0.353798556409998,-0.40638385132666,-1.53090653581161,-2.23522417024085,0.0335654860060449,1.4363732655854,-1.73739563996069,-1.6668983442741,-2.53099379186873,-0.509590781978974,0.00168265012567892,1.57996196940116,-0.591474595256738,-0.744387157735608,0.488049793484582,-0.00557660278204614,2.05965160776131,4.25576755696273,-0.31962883000629,-1.39106527037124,0.521042510597306,1.31086432361945,0.00767087169938485,1.64950311935883,0.00619673763421123,-1.04304352301634,0.818058407778505,0.80394521025226,-0.396836118824623,0.691804911123251,1.27122019089752,0.547271214793344,0.0439193371035157,1.63024133242952,-0.00520236272646923,-1.04327868423251,2.14470494958959,1.35635638844289,-1.97875192089052,-1.54045386746339,0.0817261191636935,-1.02985925624231,-1.26185475917173,0.358624889534216,-3.70400141918295,1.98573659222822,-1.12936734311014,0.333039027123416,-2.197861032286
0.663098129481893,0.18611553793219,1.3759767136033,-0.87561125841121,0.761289150287865,1.17593590440741,-1.24227291122805,-0.235962267067882,0.733385375304918,1.16874326773283,0.630043184422682,0.894599276027652,0.396682772592626,-0.381053399605835,0.999046709583972,-0.722457784361081,0.35613474417658,1.96778856640711,2.45705517034063,2.43696426062153,-2.4150663011318,-0.0510394839826255,-0.381915785696215,0.973647482672897,0.0387561701358754,1.156191223997,-0.066349891798509,1.03921008093477,-0.401138830858151,-0.646678528719172,-1.47502017148526,-0.193356699018838,2.69021211203399,-3.11488580443197,0.321528525665387,-0.504733755822029,-0.625482047434896,1.3292520405549,1.1624890559358,-0.923042250320154,-1.02790601873875,0.991129461616507,-0.372591260989722,1.60086786866027,-1.40810438782651,1.76808465551919,-0.962934827231312,0.991541244113276,0.849576079803624,-0.950701540535275,0.754843221508561,0.732333607491821,-0.51634017598504,-0.100849813962851,-3.19917646095862,-2.00283869475962,2.38988938532012,-3.53668496768195,-2.88785788827446,-0.21663081825292,-0.0377522070480656,0.179984677296008,0.263297103134739,-2.17510119167103,2.99324180135872,-1.30051505071593,-1.66907863159432,1.11402564883049,2.16577752042723,-1.99456550143911
0.619085397703653,-0.00734486231628898,0.754038925108269,-1.29139178384508,-0.469787024472003,0.374685371203368,-0.156772472711438,-2.78754653942676,-3.48236549922655,0.300021735098633,1.27013379680823,0.0911039593116489,0.640225752410452,0.087438513416827,2.08974926333118,-0.681339643892831,1.08615772425894,0.338440136086522,0.698078483922062,-2.32386811980286,-2.52076510703975,-0.0639446566259377,-1.28274598439618,-1.97980397206885,-0.754668478466703,-0.307997692695245,-0.606497039518637,-4.27552607366962,-2.17794321353798,-2.73851880580203,-0.519992486490581,1.05351807959721,3.59452295212413,-1.24289506597541,0.50182632346172,1.5105334627384,0.0119738899545318,2.4137864739265,5.0829550895418,-1.38645746490776,0.420263597994481,2.11779217084682,0.351920639977436,0.777741235450315,1.84075067033279,1.22823073614729,-0.0697928017726447,0.28707432907821,0.671354057996175,0.220783580859855,0.661572257980971,0.831781056659225,-0.47039818734322,0.875781363131681,2.32196470924633,0.652259796920017,-1.3331070068045,2.59711557092608,2.02928978238254,-2.91175587925021,-2.55387891509661,3.30933338751775,-1.77720113470297,-0.575339315508834,2.06514770658304,2.48704486964125,-1.99541600806028,2.73012209778774,-3.4834600425573,3.51039919759314
0.814221413363627,-0.720245632387504,-0.163079741080742,-0.0286786404811145,0.907612686609431,0.166164742808255,-0.824926313050655,1.45072962981983,-0.0413180480205938,0.801852286897332,1.03513132839408,-1.34765504497344,0.746136864369797,0.0283135355383999,0.220304110569593,-0.976749856196256,-1.24655990600025,0.54634532453043,0.442592480775878,0.012114600097,0.517256061315036,-2.48969366783105,0.508685964857769,-0.646457700041612,-0.0299027788310247,-0.790636514354423,1.3368177950844,1.00880164285224,0.493708384023484,4.97865051168381,-0.763631279500245,0.367690220107729,0.204344262518806,0.763698653270384,-0.852342873880754,-0.410642128647995,2.67449997102279,-0.118403541963258,-2.65259590645013,-0.495907435760242,1.00524256923002,1.17012533607588,1.72696435027372,-0.145877291369111,-3.4515680054031,-0.382851774658657,-0.131184434091336,-0.478977442999724,-0.175944408451986,-0.772395855397065,1.4926615689896,-0.576471437137047,-0.932356855715781,1.26724474696079,-0.0930444290432482,1.51446776647225,-0.137597031315417,-1.18206725737083,0.362788735886063,-0.0483396894126527,0.42683666743475,-0.470065800433722,-0.24243456251147,-1.67236026903342,0.796275300555493,-1.72793605166145,-1.88191134121199,2.15647497427947,5.71034436968539,0.630315999599139
-0.898083481944891,0.658809653552519,-0.308174504279567,-0.952160771761543,-0.74352600874315,0.257123446083992,-0.181342183121059,-0.579525660511895,-0.631173136273464,2.34970348223852,-0.612664379951265,1.04760192802111,-0.144372149592936,0.214229971640749,-0.218955468367016,1.23217142137215,1.26091904931658,0.382547960441921,0.701322817345543,-0.711738788219446,-1.44283552331,-0.0374485212601827,-2.07806997290566,-0.0308944540699474,-0.389714318359327,-0.807341888058488,1.63656182589542,-5.15439871214508,-1.17456507351567,0.643378506826477,-0.927906740915472,-7.39129420085844,2.52989892989289,-1.38179360651996,0.744436710658048,2.72187325097878,0.333909344664019,2.05503839855177,3.38760509076328,-0.193625210728912,0.174870275872456,0.792361862934117,1.3432276170123,2.24207548602933,2.69571313743963,1.35601169412399,-1.74701766791531,2.84719059330589,1.63593763277486,-1.49835857553183,0.691400958753334,0.206832991054384,-2.2142113048313,0.619467199648493,1.91441715728781,2.45800394394776,-1.58222484467299,-0.957599865493504,-1.16382333166407,0.295472322656581,0.74398952308587,1.33141151749888,-0.841689353173483,-0.508526807599964,0.997846102683094,3.83559408654096,-4.53973714350987,2.7000182268134,-6.89890051280152,-0.358915664638096
1.24493910487721,-0.900727365193768,1.02752874313867,2.50877116899655,-0.726357823104845,0.0203608252094991,-0.657516973840984,-0.014427851098987,-0.06242325164367,-0.0139787584872368,-0.0339085747554649,-0.603951897155131,-0.984449313228209,1.08611286589656,2.98432020012442,-2.97748073093846,3.43330545510128,1.50279982652429,0.999053195624741,-0.471524269637908,1.56027159218486,4.29873684001565,0.467110835266133,-0.23997628139487,1.58320863508687,-1.49021633106554,-1.90161387274392,2.42035919628516,-4.55598489916404,-1.50988933854568,-1.06583267680491,-1.03501158295186,-0.912239261495566,0.488145868491175,0.868439967005541,-2.32505316977623,-1.65654037655365,-2.26146764285303,3.56532186738939,3.49068390451238,-3.31020634321637,-0.637157052648634,-3.31132353089508,1.44699232199616,1.55282393857099,0.880318151355313,-1.15739457560583,1.77932401207581,0.623973526633588,-1.68212445804338,0.405950900153688,3.07101321213714,0.121516868419461,0.533667819354583,1.26929069637325,0.160531794348538,-2.09905621726256,2.34902310870649,0.289046255383768,1.2329221438074,-0.415105570911679,-0.895118018294033,1.62722859902242,4.58469436559161,-3.47974339780542,1.20747335379034,4.09774523745478,-5.05822527057333,-3.92707178580325,1.65627963381599
0.00129519330121523,-1.31248178046211,-0.0954318085933633,-0.60990733258858,-0.876945497548702,2.36279977930073,0.922729078585847,-0.262088710911369,-1.23497024120064,-0.819552556299134,0.994494530575118,0.624454477829616,-0.57030555482095,0.540122503633535,1.20061183734254,-0.902596330456032,1.441698993861,-0.312633470534979,0.28751265055953,-1.30016430094053,2.42775173568277,-0.810988533582961,2.68712424652532,0.0879230138132374,-0.502124104231441,-1.5459967548022,0.903974673302517,-0.701023837075753,2.30251318772859,2.18383630675059,2.56098084931424,2.99966930885894,0.136478158350037,-0.845400982944544,-0.168168130450302,2.04992986250141,-0.303149804461367,1.9577854296291,-4.70559672370725,0.874244627767546,-3.77736135604805,-1.42174205195517,-1.33264469295248,-1.33416949614113,-0.0283228844839744,-1.52775894843422,0.946081041873453,-0.411644700090892,-1.55737650407859,2.06044789069598,-1.6546599629058,-0.416295746113506,0.675069793895605,-1.12198045531498,-0.379407340467845,2.39701443268132,-0.343669397382838,-1.00892145456185,1.22311635724452,0.23978259356097,-0.27534521251325,-0.498282756759922,0.0565000241030087,1.30009359457283,-1.86064518348229,-3.58734295597722,4.50429114060633,-2.07103547635178,2.42210976472016,-0.219739154131264
0.647051708849815,-0.00847917436656151,-0.393827544257154,0.466323559308134,-0.782623633760162,-1.69009655014884,0.406494900598225,-0.136173247381867,-0.227478768178006,5.17566834254149,0.0900932960916965,-0.843031913541018,-0.795195073340382,-0.359755373958097,-0.592386897427699,0.894679033527033,0.566065737567175,-0.808876868607206,-1.51967701844745,-0.082680771220123,0.556964142213966,1.17938740484214,-0.145559615166752,-0.830132015989379,-0.488991346763798,-0.51107690209825,0.983020916778829,2.16485617044303,-0.35566035862885,0.108336039852938,-1.08028206873987,-0.270937386064545,-2.72018082580272,1.64692726302938,-0.568645405480775,-0.26560202481089,0.691142951318853,-2.20665146053395,2.46470085937182,1.15831934381788,-2.15217689358904,0.772787454138914,-1.48699679474939,2.02948834458664,2.36643949495153,1.56769861109421,-1.29675344373161,2.74188755158331,2.61238926697769,-1.76668255656007,2.40591089290087,1.60895040632404,-2.48029636566636,1.87726927908484,1.97292154901125,2.83975514525684,-0.96901225083899,3.00022116496203,-2.59364056547004,2.43271846387273,0.362193914766164,0.597043504019047,2.76414265640907,-1.91303783197371,1.7767452956574,2.10244722294536,2.56104233612148,0.113249306874573,-4.09942101662543,4.47392597979745
0.95344961708644,0.419412418981675,-1.19644405988075,1.13394442747701,0.506596639884659,-0.204635407741008,-1.93207351936553,-4.96303235885663,-8.8468609127087e-05,-0.512051285390899,0.737525110748195,0.00999196147322468,1.86797273895579,0.166557353161202,-0.955854980350146,0.558714432718615,1.39535065133457,1.53082327636224,1.637831367606,3.13068678682566,2.51804421462647,-0.386712041207527,-4.99832209909517,2.11992147569674,1.85057509869477,1.11866129214522,1.00769776690324,6.69322357460865,1.32313597266265,1.76333011979007,0.283848102020721,-0.284731411333499,-3.19982282782022,2.59862142613094,-0.448637292593352,-1.2494078916515,1.38364467650308,-3.78583433820271,-1.66122540095842,-4.64845046295508,2.10463242286556,-3.13320904702135,3.88211888437834,-2.98601020844601,-4.83024562225763,-2.09087369747688,2.85115334270693,-2.50350677535914,-2.98698556108008,2.19215660756234,-0.148550186057062,-1.72790190998267,2.67708678967256,-3.91046667446532,-4.83287045453888,-1.88372378052132,3.35006302760638,-4.67853286736793,-0.0860417393650533,-2.74441635354526,-0.113089714994814,1.54630371510676,-2.23428796919883,3.57249945675343,-6.80311014098799,-1.7440516723648,-7.0639310252097,-3.3949166092734,5.53829330879804,-3.39455550075138
0.221647038587941,-0.278365420576633,1.30914423532293,-1.31418982934693,1.16914966288076,2.02468294045959,1.12657187509564,0.475703507470737,0.207229239292406,0.0748861172686362,-1.61083960550623,-0.131010613744614,-0.547042368577092,0.389744213647263,0.592745653497263,-2.34323220117672,-1.4192664690638,-0.567147716815925,1.5071145982222,-0.957409585057708,-0.61381310187018,-1.56369202558144,-2.36012688221488,-0.621690839635339,0.206053390151064,-0.942105502164334,1.29088457091534,-0.596539904019334,0.451966077873758,-1.80782343652465,0.88716585769171,0.560696678757598,1.97665632393698,-1.12173716284853,2.29934390967885,2.15797184869144,0.677715586207865,1.40705411864648,3.0996898143632,-4.29315447322196,3.18831906952915,1.35814496989686,2.6846805040045,-0.943294574455973,0.467915940541104,0.522828820793993,2.84742792565667,0.347324059327816,-1.14123634945455,0.561726701346716,-1.05370972226889,-0.867544652949876,-0.55945656975521,0.328397130615722,0.323176469566404,0.709611789207295,-0.475573697688818,0.907910040532607,0.530055994143521,-4.09934034668204,-1.18732627691433,2.35733888714389,-3.28352278715837,-0.687633073592175,2.1915342743976,0.720773478093073,-3.527028184142,0.871114666297134,-1.42040876450307,-0.585585640249123
0.470474590928302,-1.02020786179918,-0.71458223502556,-0.0485375301804784,0.805599653042094,0.717478189445534,1.17347304808911,0.423680254088001,0.0275083814224497,0.115146133464782,-0.0906365950213548,0.866326156981978,2.13454591777271,1.25582480799181,0.708533890431605,-1.19833530169566,0.483232423955723,-1.7830709913116,-1.46111217372053,0.846468528804219,1.31476644088616,-0.783493924761876,-1.57031408404989,-0.654091935037755,1.62883578705226,-0.594390415497556,2.09196006980866,2.42420279156367,1.32107306367819,2.18363823547686,0.919608045436859,2.15940794404803,-0.637630237729254,-2.42513449665109,1.74265607633622,-1.06670283632141,1.27046343805435,-0.568143032601952,1.44468405670737,-1.81990921796183,1.93737262279353,0.277010403449803,-0.378711654830775,-0.316133980482413,0.178144964004623,0.362276478033231,0.853993823657269,0.0725471555298806,-2.40082947891907,0.304661200876034,-1.31906856037308,-0.441291544891452,-0.671538939611211,0.983549363355353,-2.15811883182084,-0.943000332011116,0.0783580983726528,-1.31379315576311,-0.489650512737516,-1.43375638535843,-0.85097797033401,0.928219036244844,0.622139691571302,0.446576154617326,0.684118333426025,2.12248504118397,0.31567699347541,0.585292683040135,-1.83683301341409,1.84233063668013
-0.59206080296506,-7.64629517337323,1.35279573675247,-0.316818362052024,-0.657622036103357,0.0638087819033448,-0.216397016698772,-0.0255981694092072,-0.698061286151718,-0.306772655948471,-1.31917297671651,0.144632991819584,-0.648698036598895,-0.211886067745885,6.98654814344752,-6.75130667585582,2.40875321299619,4.07085653021974,1.19485379894849,-0.624618764853423,1.56816886793725,1.4069684528298,0.844644485660232,-1.45198236959219,-0.800231963755542,-0.980808528299406,1.31188507971882,1.14072665505274,0.276064289536118,-0.260766044700775,1.43831674505854,3.00286275690557,-0.649158544741546,2.33842178926928,-2.25940195345926,-1.12898724412456,-1.29739037300062,-1.86942869045662,-0.235875791684571,4.63873637039294,-2.65666592836588,-0.879784219619018,-2.56477981390102,0.95741227376137,-0.0285960814370898,0.47308828838109,-0.29281687661513,3.38261410699763,1.14887224238951,-0.911973601310096,1.18117559675947,3.89942517571896,-0.316357184382423,2.57080876514635,0.97993766798946,1.12623523794253,2.80177841469069,1.4293298215623,-0.449792651639371,2.08055225096799,2.4362730554591,-1.24727672855512,1.31021000765028,-1.37340083217726,-2.35473025869474,-4.41161956278039,-1.53226630504453,-5.18154320209598,3.18186892969533,-3.20481146232753
0.647664792574692,1.57610911734442,1.2934183814971,1.47244880709326,0.114164968825803,-1.00766929568407,-0.650034464298666,0.877867750247085,0.0958541488242753,-0.823090407229257,0.760650994355459,-1.2305170985971,0.964134033708747,-1.66199672694719,-2.31908285344371,1.28734898503982,-0.788186397079568,-1.10007618921501,0.565110253494293,2.29943892345451,0.453937241027827,-0.719847881675912,0.7371489865554,1.93952757385587,0.462686176522091,0.206361865905723,1.43909140528137,0.80678245862113,-1.07900789410406,1.30968971169993,-0.775426957030462,-1.02567444854107,-2.48324340638377,-0.129154282393425,2.43258813279985,3.1677583323364,-0.00370996044594724,-1.6969289276998,-2.84766995252944,-0.339435399100387,2.87626394036528,-1.32457543229698,1.13239474565531,-2.87278438000234,-3.60931280851283,-2.4995612839896,2.41039184468425,-3.09570226166884,-0.916212175473714,2.53458909437735,-2.02838673512139,-3.91392337611751,1.37980019216922,-2.30614453148239,-3.90173661663115,-1.96956613654135,1.90409936757667,-3.10759572103961,-0.237425573799373,0.773051328014352,0.324724027934329,0.92199508014241,1.30911617215053,2.09997396215768,-0.368015533932095,-1.9456179083384,1.83956681672481,-0.557216704775438,6.06410717703465,-1.80559131553093
-0.364832337036704,-1.6997564948526,-1.74841306311287,0.345980203596733,-0.184446499524793,0.0831957072230662,-0.670440502101958,-0.518262235065011,0.160330850048862,0.845279372884684,-0.186230833916308,0.319086314924696,-0.624031907069099,-0.484444079880094,-0.639736665888848,-0.6485275476274,1.24009218456147,0.865465988376092,-0.0786911056215004,0.602148696928682,3.06449184253468,-0.560032203679137,0.0442795900110028,-0.69496627814753,0.760021622140232,0.0429858347482041,2.09035643516172,2.46074875159483,3.76553929567423,3.12918387373984,1.62995108002734,-1.26578351466035,-5.38056633801435,2.03783655028385,-1.14038261662054,-1.60859487661428,1.5182805556432,-3.39323795785269,-2.26469954606813,-0.672395326029974,1.9375961259815,-2.76093402643368,1.45759363970574,-2.52548762536325,-1.32372551799217,-2.02726458360985,1.56224015931299,-0.22969573205191,-3.37391110322167,2.37747075950445,-2.03089018332163,-3.71238200010469,2.19964328489865,-2.64863690163806,-2.45117720101524,-1.36268398628515,0.903657504514418,-0.548598174667622,4.0836908308332,0.136753164792973,0.910170325743305,-0.741840200362078,0.52551157325246,3.89288970729813,-3.50515633168998,-5.88352868555969,0.382303187972038,-4.6821472228024,7.39171740874021,-2.97158138273743
-0.272154309318682,0.227825063966888,-2.33169228845934,-1.08357799117849,-0.686593819773492,-1.10826571396085,0.417386943807679,-0.215028936223783,0.767803182408318,0.611970508835558,-0.214435294247032,0.619249684908324,-0.468562555467004,-0.940823004519555,-1.94560118704674,2.09437071508204,0.627414098454574,0.256520557671608,-1.62249643600612,-0.55233762762592,-3.62282248059493,0.435609704573531,0.110165202037263,-0.298555631724663,0.308329242760893,0.204607286540643,0.214736998112864,-2.1308059756057,-2.35522847593237,-3.05348509267986,-1.7255378031047,0.0645574178782109,3.69286988517981,-0.535950156991833,-1.37814227848207,2.37236409006459,0.383139252584482,3.07810138540931,5.87235791205924,1.88726658990982,-1.31566894411227,0.260159550436444,0.36302101896592,1.66659432032148,2.19179287450374,2.34663101323276,-0.833841707443868,0.325384008299392,1.69598469364711,0.146418025599231,-1.28812323986177,2.25740198047299,-0.0330974451496552,2.50389465133792,0.753183541874551,-0.264033314180332,-1.2243710614556,1.06695915178786,-0.0682519342101534,-1.35457702689544,-0.727563655264687,-0.218444884930276,-0.100439474347347,-5.33860450571665,2.69672543880678,5.57387293666121,-0.594192836613535,3.75028430368256,-5.43261121200967,2.08313265472093
0.179291059470209,-1.77127764622534,0.130120136691914,-0.0958822523529185,1.94911307246339,0.147674032502445,-0.309030280164304,0.361634439540005,-0.000736259505507315,2.52673674023659,0.10651284629606,-0.276795865352129,0.132732437623318,0.910337946728292,1.44572847444619,-2.82799587758138,-0.571152078248826,-0.13912727319892,-0.36323939526382,-0.134430298113855,0.623380761178009,1.68990081007404,0.738379382837537,-1.06051498246265,-0.258046861198352,0.368050160614006,-0.936650257865624,2.42698644245544,1.41735318366025,0.433873575902972,1.28201770105214,2.22959679645644,-1.60364790346222,-1.30290722760773,-0.431977417450937,2.00838828660794,-0.0983376885703099,-1.95903775527686,-0.0665323860496403,0.803667825802015,0.0943798554439713,-1.04613954440532,-2.35010476072243,-0.784653264641195,-1.10060442412227,-1.47089689311341,-0.0262646163528758,-0.604028882275434,0.694222369262045,-0.116761637433604,0.486015671336984,-1.5471268829067,1.11998060179946,-0.636237817543248,-1.26076154199328,-1.62503553120567,0.38815500751936,-1.48505996396185,1.12332145286253,1.34786866600247,1.92438399304979,0.130701510825749,2.04603972591003,1.67991525302426,-3.56249963125801,-1.00577671911706,1.42588598456467,-1.21469679796932,2.73309984744091,-0.252669477449711
-0.657417342963748,-1.07333065662193,1.94188964041846,-0.918184340879117,0.656842557969794,0.90664988160448,-1.75319010641742,2.52330018393621,-0.100934215195846,-0.178345483275493,1.11721095537383,0.810848779223103,-0.836916562001869,-0.637674562084105,0.71654495606854,-2.54540611668341,0.203044179765481,0.779606587451936,1.82792056440631,-0.941534673979538,1.42286629660492,-0.352588399430445,6.23958782890011,-1.71310291628513,-1.07332009198596,0.423272837459042,-2.19097409833038,-0.726409805787339,1.41753292334548,-0.488053658475618,1.88121057959543,1.79609849497115,-0.998424574887579,1.11518034361866,1.6497256146435,2.04213945016605,-0.725978338137573,-0.693505314663765,-5.26138701906458,4.23937103560077,-2.21276619083158,-0.24283623198387,-4.23981108513907,-0.921494531135015,-0.819048611194484,-1.23358487125531,-0.500042490170047,-1.75456076907016,-3.02527290718969,0.397613803693512,0.0220173608968813,0.05407265598702,1.62368501474538,-0.0843125830395622,-0.51893449925637,-1.09425149410812,0.479759014100811,-0.51412714658616,2.61211136473021,1.84413739966551,0.786793270187794,-1.6633468028886,2.74959407052977,2.70563949913356,-0.440597450721087,-8.75995737295111,4.62046380978404,-0.326957509576638,8.02296665478806,-2.49280235548312
-0.356916045109563,-0.717752201226802,-3.11902080833948,1.2185909376408,0.789846826778874,0.342501681058071,1.33800511059466,-0.809648455447253,0.515557597259932,1.16120228060721,-0.914425338486382,-0.59500669132414,0.165331951311554,0.00256045257056153,-1.11353166392919,2.51368219439376,-0.368664351975733,-1.56667077474256,-0.906793566404908,-0.4657588258388,0.41692265192192,0.514423466248363,-1.42885272042618,-1.82165207982843,-0.877400417547434,0.107287630945669,-0.801051652262166,-0.753696924471728,1.21684179305757,3.7721044710335,-0.00530303397716986,-5.57588212152366,0.273420907988693,-0.981932710834777,1.3758286573344,0.401046208613764,0.365227997108123,-0.661288573417607,0.158234296397662,-0.97743961589138,1.6358396509323,-0.424996660089634,-0.569060690959389,0.0248759568413399,-0.13661367832109,-0.61606494478726,1.35934430899893,-0.828324603590835,0.975705792372017,0.289223802304211,-1.52699799436292,0.477666072156316,-0.0350772449906434,1.31728643136241,0.0105321848627356,-1.36626623687212,0.242206229947065,-0.0467741271440592,0.836318757116517,-1.67260828671673,-0.993163909150469,1.37848597959403,-0.60505978322093,0.637744192826412,0.842800325953687,2.51171985470913,1.34466259276559,-0.532433730561897,-1.10903964094311,2.36521218163374
0.191025533624061,0.605233999283789,-0.00410501946275485,-1.09565388400094,1.32357266334186,-0.144131928432303,-0.687886062906371,-0.533515216429405,-0.640886746643938,-0.531425841655492,-0.933220298610339,-0.0420465156496534,-1.89140492265513,-0.60722145019074,-1.66462453293476,0.858729495612193,-0.426454828762888,1.62117564083372,0.219721767381098,-0.545803748590644,-0.894825479929681,-1.20146196464701,-0.142653467188067,-0.306188775753847,-3.05511142394001,-0.530224822472888,0.465306380132526,-0.421348182602051,-1.09279963943967,0.448679705804936,0.210043164903058,-0.717577559174816,3.88200482176639,0.3917159644714,-0.098757699204709,1.36907899135329,-0.553200332359536,1.01805384819079,0.107301461949959,0.324151693355402,-0.525743361974435,0.562923427842942,-2.61150640284503,-0.986131133705706,-1.66168531476791,-0.258115353233715,0.5427227974245,0.317786603185596,-0.341206292159264,-0.826128205515953,0.662279842736374,-0.789022558116917,-0.430934470777182,0.543535588776083,-0.86253165628774,-2.36360867631235,1.25732991138527,-1.11792871704913,-0.117474802361423,-1.96183382144167,0.0538311629720725,2.02377348315081,-0.846047672951226,-1.84757959897783,0.200518233449255,-2.95817997542487,-1.63677810689529,-1.17708248904626,3.25422509785724,-1.2131050378214
0.226388652729135,0.581302335636832,0.531517728482796,-1.25833035556973,3.13303726702299,5.59817295853342,-0.449809349290837,-2.35414167144305,0.0569027167746589,2.80533628621645,0.597224189056859,0.689610505888388,0.399288354327379,0.00773182246683257,-0.0352943286441213,-0.0929734819620596,-2.4571556243327,0.329046746631569,3.33951025363948,0.310467778206891,4.81034793777229,-7.39361419614182,0.51519790753894,1.32168399890152,0.985904236232355,0.757332762098321,-0.258330478860436,1.59948401228825,4.59168874018003,4.13378662945894,4.64220617585017,4.59909068423688,-2.89557578026547,0.800358107668888,3.44566796147833,0.977042473425688,5.561868662823,1.2574859209471,-9.09778353334066,-6.44630642684263,2.42082520587026,-0.784138890494323,4.3141147495897,-5.29103561622239,-2.92563121835585,-5.1498294476056,3.60316733091192,-4.36140750130984,-7.3362330751813,5.48012765397213,-3.41265157862336,-5.13845026889483,1.22955139143168,-4.09277924578799,-3.76509102887676,-1.09650885562588,3.25291032468557,-3.79026307739166,4.36417501454456,-0.757726965402305,-0.133753802883146,0.934280357783893,-0.135556446863174,2.30885582382164,0.125503423888513,-11.5243360264122,-4.80268071733942,-1.08424842291626,11.5556719442917,-10.5824461155758
-0.705597688035197,-1.06235107469369,0.348187685776508,0.785421236114727,-0.538318213324217,-1.27543892165618,0.72637576498132,2.32578752856101,-1.06742190686364,0.467816560377658,-0.602735520919883,0.541566595124783,-0.0414656704691405,-1.70614657785196,-1.44276707633304,-0.242572225233782,-0.431550183184828,0.185301100253412,-1.80654191489391,-0.918474621175748,1.98365126281517,0.256579278969344,9.84774239915994,-1.98036656954862,-2.1821144627073,-0.182049777367926,-2.04280506028152,1.2860417093955,1.51223684672014,0.621671323855463,1.67935458552019,3.06208927191436,-0.835521171458118,1.963118283709,-2.12570994241267,-0.37858167039622,-1.49654937657492,-1.19167282336105,-9.77384013863564,11.5797432925999,-6.95363635359603,-1.48359052290622,-6.04662522451267,-0.0701208262771489,-0.031505520348072,0.038126512297775,-0.952871744681374,0.947952241995065,-0.890678193103116,0.0653160332481872,-1.69305891763339,0.0703658522564428,-0.289925603318551,0.819295003604421,0.684025971869383,0.148267746532307,-0.850826574001946,-0.987580372762185,1.37487193008965,6.39170561472135,3.67864725787806,-3.21696939971751,4.50304933916137,-0.153291584703007,-1.08835729175829,-6.75451054215031,12.2471031231915,-2.03426839041625,5.28701842603324,0.401475079334411
-0.197593683067351,0.478185933211478,1.18071941031761,1.22981945059934,-0.989368342936174,0.412785637995342,-1.00313648400199,-0.495692128094704,0.867823817305653,0.839196397552073,-0.275031719456214,0.400488503807523,-0.265109373615574,-1.24981242886291,-0.619023439502199,-0.798220168218782,-0.293292703788138,1.72286829745691,0.457743460102654,2.07026641630533,0.582217647736075,0.376132318980865,0.321624863359784,2.70178825613406,2.88457441387624,1.26570205015797,-7.02379332382336,2.4532921431305,0.861305191344885,2.52957383957182,0.27879600442457,-3.08893553648135,-0.835214667624298,2.55537024793207,-1.1153329448926,-5.3184922535171,-0.795527501703768,-2.7534212186421,-1.63574386891682,1.51141852415194,-0.906535317450363,-0.704014870207957,-0.528762534496877,-0.840649561732902,-3.96933713574081,-0.644308857475388,-1.29071523629551,-0.66309461339266,-0.415043807212305,0.837721370714251,2.46651907757886,-4.17045670380989,1.74531447486527,-1.22663138509376,-1.50856360347002,-0.357028957148363,-0.272112059699036,-1.16768408191356,-1.88374854177897,2.65437271437063,1.17281137825888,-0.783391492649868,2.279152759576,-0.6713333462377,-2.11087720239976,-3.03054524245006,-2.51015076678978,-2.59922410748937,6.09979775835751,-2.09861979896823
-0.624358340609425,-0.113666209733078,-0.150038057906095,0.693981201225523,-3.04727078491781,0.000140673758622245,1.68204301405722,-5.51987568483338,0.455484234023849,-0.46298888597657,-1.93428741730118,1.34895704418478,-0.456617355199561,0.308620104792953,0.336958350191594,-0.851254862474586,3.09053825225139,-5.98478552979447,-0.590843035428878,2.75195418563253,-0.0254114786827236,0.278410879694111,-4.13539496627177,2.19347000292329,3.24844501792619,1.09197533882522,1.96441008830765,0.533728971593664,-2.97923857150497,-1.90483999612067,-0.914930045399499,-0.550380795649957,-0.807699669591009,-4.68578022169912,4.4986740905421,8.34384860399667,0.0175361520671164,-1.86579185960726,3.48068132242673,-7.54924812556649,5.60833688255526,0.00160488691399706,1.50611495516004,0.43637232777358,-3.07492440934286,0.174424321894066,-0.621138693879294,-1.24867404011703,-0.43924434862562,-1.38281018886045,0.631930976923398,-0.0425930155275156,0.465841606696534,1.26755845505777,-3.07082448836221,-3.59204000370586,3.25762539002656,-2.83464089288755,-2.04301260521529,-0.0381725652160488,0.0945241327422315,-0.867190467419562,0.168815463470499,4.49004900770588,1.21225926784746,8.62856911508126,-2.08984154805161,5.79537709101885,-4.2855214546098,4.21963809357768
-0.346715535522819,0.376388621091117,1.46655338064785,-0.66070513819336,-1.00138311914033,-1.62641603063042,0.880875817399434,-1.26384216003166,1.09453779031767,0.720868860065227,1.07378660254752,0.284036431009682,-0.00295990210558325,0.0719372662307953,1.08028932050516,-0.639059911110992,-0.46705599267729,-1.7780886771821,-1.00001597490456,1.88575423056728,-0.719264918330442,0.847488541441002,-2.06620770361438,0.834742122836333,0.569011065394669,1.90503097539727,-0.513541467726521,-0.199275544039588,1.23748557116043,1.87295095874662,-0.0876034347667705,0.309082086117118,1.72598932696126,-0.261851570699389,1.18981052225665,0.73636351894217,-0.18595842067188,-1.80617967212982,2.60080530423762,-4.51883550394031,3.88748761370833,0.330240249206858,0.69394208600813,1.00448899538045,0.475871791905779,-0.394323860981612,-1.77794657303712,0.895197797917948,0.788848899975586,-0.795857726318264,1.68711643766401,0.055160905980175,-1.36877021849959,0.0140895137164709,-0.240010713078088,-5.08290485074314,0.72674685640418,0.367192747894953,-2.11621929826959,1.48749073810518,1.96633513460036,-0.779353887647672,2.08597201163896,0.321323904919552,-0.0649249146769255,1.07359675906204,-0.354381663803726,-0.915642298861098,-5.14194618149654,2.66627916098609
0.0359866625059179,-0.662375803562163,-1.28751373045638,0.0258664319346048,-0.612391081872749,1.33530643387528,1.19544524954057,4.32431086157545,-0.0157305973887103,1.39507545945728,0.133956742130332,-0.559194254649088,-0.0712220817073158,0.303185504850032,0.684458603177712,0.751325019112389,0.533477062400834,1.56942287608117,-0.233654171115747,-4.78524182687109,-2.65799805488452,0.0651742589680375,2.05103390236569,-4.01056085607795,-3.5501928033636,-1.82574037718113,-3.03002299835976,-5.81586809508215,-1.08881388384498,0.00058056375013682,-1.55190591776679,-2.4685212660743,1.62688824028147,-0.0854554010185011,-1.43508127606552,-1.19337783990183,0.125127712901111,5.34498729389432,5.17801270539899,2.51742975318615,-2.31768758895016,1.24058088734009,-0.37327982777735,0.457863559222571,4.1149525692105,1.21041697074832,-0.384640125196589,-0.789614759887095,0.648862653483613,0.527460952664646,-0.366933415332037,1.27433053803744,-0.963959758020427,1.3220819916912,4.38852191649991,0.616083056108732,-1.89998654453359,4.1732605882397,6.69572431118611,-2.79793521919432,-0.885758733065224,1.2139152980565,-2.36660429598305,-5.0607407034074,-0.494915757139723,-9.99107761472384,1.05750549508896,-0.206080354491063,4.17564807706059,-0.204689026965027
-0.664059309678612,1.44170902601755,0.0526970656598454,-0.598235642940434,-1.30423863809572,-0.283811253885908,-0.324291075800403,0.814599563322873,0.709164603779958,-1.34653917290061,-1.03003934886026,-0.799942835041869,-0.398204577140258,-1.73480158590604,-3.5796790582699,1.72751852422005,1.22307999010715,0.133863255780378,0.63856694972915,0.07620159941552,2.27868056087298,-0.330827574449975,-0.0729456272966771,2.74047549840744,0.510869558043948,0.0494677535072335,1.10194862165912,0.243465718418814,2.90352574285524,0.627637916841675,1.73451133064179,9.46219566011691,-1.63950952030906,0.945205884355787,1.06292778423418,1.3845871598859,0.106092037300278,-1.53250501065833,-2.62555708620658,-2.20803449956293,2.86917033694486,-1.5894627619903,0.487156082900909,-1.15277129314253,-1.05934649452909,-1.66453093555285,1.61601966625747,-1.60620346097498,0.00751620855130752,-0.884270156184749,-0.410435310651308,-0.950560475834505,-0.780420829623141,0.890227274168604,-1.37066463929497,-0.223961773707784,-0.719004528395857,-1.27663864585978,1.48112690439664,1.16419484919826,0.929177982768611,-0.498003903755726,0.287479867614557,1.87458157598598,-2.11875911163917,-8.18945916629524,0.842858364538174,-1.06939057273429,6.87713629693495,-1.28980754493294
0.475389789712794,0.0909358064344219,-1.12742113348487,0.638146987478423,-1.19389025024872,0.130447886676479,1.29001443805611,-0.0220573307062248,0.777285802225314,0.441483843565943,0.373247197889686,-0.0117647455739093,0.280438309527357,1.30311050762472,0.292791518153328,-0.437816814845958,0.554073172430864,-0.248323966057838,-1.45587298997343,1.67338780381087,4.15532164409931,-0.560549393943535,1.19733699114336,-0.181619348678145,0.568208849800312,0.999806372548238,-0.535081340480355,5.507182093256,2.05245609069623,2.95478965356959,3.07508745865925,3.60307211477514,-3.32660871351069,3.36120635278121,-1.17420886501056,-4.82762857479252,0.638625174642412,-3.10627073401351,-7.68505149402592,1.17659022797327,-2.13883521965616,-2.01865570937958,0.213030997714467,-1.13040542530391,-2.75726382654412,-1.34582751853563,-0.0787213381994938,-1.41884550949361,-0.863295494539937,-0.106194928433021,1.09883891588729,-0.227681348960958,0.973855683192022,-1.3492860114827,-1.88705887158656,-2.56802573926534,0.623216544832193,-1.58570508952772,-0.094394269602112,2.28425755501215,1.36884105671842,-0.0965654823069404,2.6414121501993,1.7978206243339,-3.99734321379717,-2.6160051323691,2.62471677749829,0.135446029141087,4.83404768226079,1.21211689150773
0.207687966533891,0.0458117687198632,-0.118267870496769,0.903578921075873,-0.55157369197744,-0.373017097447601,-0.809472129891212,0.614802629826406,0.863777017396436,1.29356764453786,0.0824498283493164,0.062781788894128,0.078187345007235,-0.67266485489445,-0.92735309791489,-0.334643065896375,1.52890513322248,1.27573896631699,1.0480793014384,0.45206700032432,0.50285276588373,3.00410291277455,-0.10440037824388,1.20119864797842,-0.971977192308826,0.13760772934848,0.711083801588177,1.94741762971997,-0.736737564958044,0.823579200818159,-0.505783534050007,0.192735747560443,0.832959826005808,0.558957908546501,0.738970240460288,-4.6932152618331,-1.07964331677097,-4.47818450424997,1.41225246993989,1.0999082348303,-0.617131199072221,0.444678563711962,-2.98480357873475,0.583091802111439,-0.618955577029656,0.553230808778675,-0.512478297928696,0.149031106296628,0.0312867824138664,-0.732537193405348,-1.27363350830763,3.2483677098987,1.19013587543157,1.63067818608184,-0.985004769690221,0.447560739290451,-0.45122343822412,-1.0650667969183,-1.32796201433096,-0.0329559818063906,0.00966731281686305,0.909850108502628,-0.802676217348048,1.59174316662772,3.49552316262682,-1.58704633595062,-1.66690813004214,-4.05208700294046,2.48290910158925,0.16069085339103
0.754436912123025,-1.29701576625654,0.680877689317602,-0.550070970830485,-0.64570867128004,-0.525487075337142,0.277481568551106,-0.974210318204938,0.625181666200076,0.122745122852524,0.651469772529849,-1.35553139011363,0.405498946920152,-0.337547343241033,2.45680607243771,-1.22488586239091,0.0772839493844453,0.187693738304754,-1.48692326243758,0.0602966791916955,0.445473067233979,0.887150919399692,-0.600862786744521,0.399212003516081,1.65572615071333,1.11434124726957,-0.0647009961669976,1.15000287763657,11.5659556934128,8.42530388286863,1.34698766179682,2.1090954052702,-1.21785553629822,2.67427239291233,-2.42842808621545,0.0676202044292871,-1.42114449793091,-0.339742761476575,0.859580080440316,0.995667354151084,-0.0198826578773024,-1.13493186645891,-1.14725669292654,0.487183448189519,0.831811846857932,1.08814695453025,-0.234196732092758,-0.29660516189616,0.348624378267801,-1.07611415964386,1.28119905794881,-1.89852766916329,-0.268473390580397,-0.67165705110496,0.209695139118536,-0.115933589939168,0.485974705710478,-0.0478806857259874,1.23738928673671,-0.431642676743038,-0.831883793058023,-0.085168803433951,0.688799062296622,-4.02147401995766,-2.34866940318021,-1.02969747098717,-0.448956562489242,-1.00462872537385,-0.318949023188532,1.66562202036626
-1.09934534571653,0.581360261890331,-0.87433210277838,-0.835171184807254,0.954525765316886,-1.37119379777589,-1.49448914520129,-0.0157899296308596,-0.32059509965813,0.727535647398935,-0.786024657836841,0.880180574132824,-1.42171936203361,-0.614263297392518,-0.540367183793649,1.56420335572151,-0.333024984808036,1.18731004683834,0.345819488077307,0.120695834887547,-1.40901153885035,0.115913437416693,2.56791623812095,-1.04213192555912,-0.500393723793143,-0.501521718150117,-0.338275938834201,-4.81896361536549,0.0671538600596892,1.79976075971685,-1.04476654506142,1.59081871035259,1.90002172650422,-0.480306339603435,-1.02295112577345,0.550753049862236,0.721507608722163,0.24791786647446,-0.857013596954905,2.36159428413169,-1.17720817318509,2.50666749171621,-1.6278591949085,0.745744119387644,0.0587053905690942,1.96959140658628,-0.832118708439666,-0.239319411708864,-0.823144334543167,-0.98160054615596,0.962525210350999,-0.921001037562863,0.167788498474649,1.72510384727133,1.53269535796935,1.14674072973353,-1.6139025815532,1.23350857468834,-0.380789044836582,4.17344350921762,1.84774936202643,-1.29104606898588,2.2683548117007,-2.56954456183993,0.258350868988638,-1.89303503726824,0.711953124911381,0.899130172495985,1.09485777158174,-1.05465860988609
0.714364430871704,0.673484503035482,1.80732316769224,0.385497377693897,-0.379860982402732,-1.04035973687579,-2.17549389656107,0.216796176674095,-0.499551104125557,-0.558313788687916,0.403803152192163,0.372160616289699,-0.102983842347156,0.208943620337575,-0.0627175380357049,-1.40980597545849,0.693106834388048,1.21452835630631,1.1374252485903,-2.50796991180184,1.83889936318659,0.979049137221191,0.0552944832677377,1.34117545487258,-3.84097965995384,-0.695696263109851,-1.4176973938009,-0.186826983405799,0.727196150790481,1.63035631521967,-0.0844192830224684,-0.571707270889155,-1.84703393869973,1.21753184275229,-1.1765702218413,0.738924415617306,-0.105642280905081,0.22448692546239,-0.188921477000426,0.942947324395897,-2.39827377389476,0.0469655139575214,-0.830026003482125,0.0223842226539962,3.51916472852245,0.323618989217585,-1.1100041946626,-0.597481328638776,1.04550100657799,0.540541351920398,-1.2233665522517,-0.986812680617517,0.0191091098526209,1.15107054169256,2.34384797082682,1.24499812487517,-0.733072065851062,2.77533147240596,1.70863302895469,-0.821386672666666,-0.0303880717856593,4.00628695127765,-0.990758976214055,1.26774214196225,1.08375752225391,-2.2584115027054,3.00121435639399,-1.80716023705274,-1.31445365629915,-0.797181899467184
0.65307526494916,1.76300849927903,1.65034960645473,0.547735466618199,-0.700675955786765,0.214636538140951,1.32257127938747,-0.784344546438597,-0.495213376886396,1.40633944610433,-0.493696169279036,-0.713065654787864,0.753859483530245,0.736583343811299,-0.135027733338888,-0.198124518453843,-0.214059142266259,1.19162595278324,-0.766125219926177,0.0830841761003245,1.68460926078223,-0.594158961347492,0.375152066281528,0.248187740539528,0.892287661540868,0.0268876695644344,0.309139504614542,2.17296646730653,1.17830379150009,1.21556110992484,0.738245586405062,1.91841061578274,-1.72626452533464,3.44578317364101,-1.68863125759264,-1.43361591570333,-1.21571066010059,0.0761750590658543,-2.62355278562183,1.42523013236266,-0.917439115856222,-0.76042610900999,1.03559894492837,-0.272561408193618,-0.827317096819008,0.478525079189226,-0.162366750280561,0.777060067463194,-0.769110816174877,0.0974285014738903,-0.0112871318554854,1.18609665410975,-1.00128496986246,0.952649203265108,-0.118400842985182,0.286956902373408,-0.684200223874523,-0.359483934866292,-0.074413062775392,0.834804246727594,-0.0907584806058679,-2.10004155696003,0.820864082640019,-0.720323744840476,-1.17240454933229,-1.54561390085753,-0.504839966466411,-1.397261879463,1.73569665270177,-1.15030094629559
0.785799031523343,-0.551390551694082,4.39751417281681,0.336312813157616,-1.26429649259955,-1.03911549888221,0.331255606846177,0.882948132923065,-1.70183628172361,-0.540159260353955,-0.275349576115729,-0.357773747051178,0.256298915165434,1.10883178972274,4.14752310774458,-4.0261225255308,-0.0011000543200832,-1.71253071297583,-1.48704467593876,-1.90559665686871,0.85821128365889,1.25302878836991,2.28163978900162,-3.76272090813494,-2.37422509769356,-0.648108182313435,-1.95345803510781,-0.662399301867384,2.36128677317918,3.05133589010856,1.46856807474531,1.26239738918157,-2.47881086003871,-0.493786960768405,0.903618955002141,-0.808531771746113,-0.870425683749008,0.141434956541072,-0.443317267740269,2.51508413716815,-2.3348734766394,-0.283755367141202,-2.78263507621992,-0.0555929647619132,0.881136768784171,0.210210326287514,-0.216298887922731,0.347794384209612,-1.13773741309384,0.767934963969579,0.0988154462486073,-1.67081673725717,0.00102871011457272,-0.195200782316636,2.65696884436841,1.56362042175715,-0.396325603724773,1.99949089142194,2.23871618733491,-0.15680434790859,-0.266465423887196,0.681953347832851,-0.701614435185925,1.75026282497786,-1.16016735245162,2.32042815845619,5.86148792917137,1.84111144362474,-3.15056447604499,5.0542766491813
1.2598607707105,0.237373852608391,2.5830389900794,-0.441954103676539,-1.12564633766462,0.665417245307538,0.24668199319207,1.08218933302449,-0.701824113102401,0.874924494392882,1.41133823155562,-0.0976187417211111,1.22249795510511,1.02111198410347,2.77850826746327,-2.49776589474419,1.65418494449557,0.74166782581794,0.0378810898210875,-1.97638688404453,-1.43514734843681,-1.14868838696751,2.04707397997224,-0.748903607070367,-0.136187015499868,-2.40449177048737,-0.983786756341134,-2.79017234289312,-0.282930140589245,0.771072555233261,-1.09871483879252,-1.96240293660011,1.48084235287015,-1.72753288173489,-0.223081102446699,-2.53069180269747,-0.0685854024695626,3.70129706088609,0.90865167529906,1.6249446905037,-1.35984240670731,3.2965346718163,-0.262747594363742,1.95664039308107,3.24277200629233,1.03731771270257,-0.607809249865865,1.10886421004577,0.240900662655507,-2.18528577259739,0.159571688462768,0.800419128430749,-3.02785468724094,0.550524407202468,1.4154781012106,1.38148901593155,-0.846106794548125,1.40137877664548,-0.536301836714856,-1.2854064988258,-0.461826925041378,0.989217306150851,0.556252412679511,-2.81606015814671,3.5819065679929,1.97471806314877,3.69161645017863,2.03157905476447,-2.98500858133489,0.382003478022209
-1.10830129626775,1.15948872312738,-6.99461804942701,-0.526606694226243,-3.03676535339315,0.869289038252656,1.04301417163275,-2.1312903732096,-0.892981260287108,-1.32099291585661,-1.03472541185297,-0.646561271515918,0.597242064792038,-0.581724985809296,-6.21897143789336,6.49542520448732,1.35123168439365,-1.30094534738418,-1.24055844861072,-0.203346916433275,3.71335126633059,0.380556727024283,0.258111063528163,-1.25845289111457,0.921632397558585,0.302975854622785,0.18275138831429,0.895337406059554,1.84636286815059,3.48915822751112,1.74405149771729,3.03251201632167,-2.66945209642078,2.53095398543761,-0.729589014529633,0.739808029486797,-0.212321254047453,-3.30701314717907,-3.81223780580275,1.53216416560754,0.218408288766311,-2.40545717382196,0.0561683674571659,-1.23990810922918,0.378184763774898,0.0463001539261565,1.59938323380125,-1.6237013633588,-1.39198177306992,2.64264965225194,-1.51202572735955,-1.76678033989063,0.369997107370359,-0.17537765266001,-1.22447213127117,0.827010353168763,0.215627343118628,-0.883853033904639,2.00518323680824,2.92533770390664,3.71788194042811,-0.821893548897167,2.58594241570362,3.45788675560758,-2.99708226560172,-1.7794433530757,5.40748109458708,-3.46198844066122,2.55723936911779,1.38170304218719
-0.749424588629923,0.5332676850912,-0.060790146062491,1.15957627543827,-0.946296856782318,2.40553797128298,0.473745874464253,1.21990718849162,-0.0435797182615061,-1.7623609321707,-0.457889433070214,0.732764244191954,-1.80363980731917,-0.0536267115883468,-0.104967875270306,0.852960974686868,1.58512711820251,0.312089454946573,1.1355835153819,0.90920424429816,1.08223985412611,-1.00694194436183,0.855731745201229,0.499327972402815,0.716787971242984,-1.48937860305979,2.98443347151162,0.560862142982871,1.54169700987174,2.88393139316684,1.07311179151843,0.572202769266406,-1.57659638092179,-1.31857820483961,0.801559018322336,-0.0497791314831372,1.06571199373446,-0.0283875410251664,-1.93637147757664,-1.91291911669814,2.83059462742915,0.185166304451758,0.412280563662452,-1.62805302922422,-2.77110103287985,-1.42197151037348,1.38851804431587,-1.41989660969091,-2.74294335565299,2.00220713695449,-2.66207410242696,-0.385928748465482,1.72445939451956,-5.59825104970058,-0.850455741745841,-0.759652452526111,-2.18483205993706,-0.263447266968372,-0.946381879368808,0.275267672768434,-0.561810226798282,0.31521492771388,0.580470136570467,1.50659165848273,-0.345212217732153,-3.22891323338593,-0.643536739073139,-0.23534770981978,4.35422413955538,-0.402903962823529
-0.420016881600557,0.734544508032357,-0.450921144167672,-0.775486882168526,0.47545559268284,0.677054195900853,0.725780033316635,0.0972029151356895,-0.669765664724228,0.319552262283373,-0.755536198615196,0.88068240029716,0.284790285827805,-0.235590448012368,-0.471485365082443,1.42916337126214,0.813817608105883,1.34841103645575,0.601707705611595,-0.476374301713383,-0.0889939265533848,-0.385596003483236,-1.78446108394931,0.737707722670828,1.35427306029013,-0.290748241181215,0.429082919760149,-0.222896616173959,-2.19689339607308,-2.17068893641665,0.461463722118668,0.535126072270379,1.24618786405413,0.467962259756849,-0.248968749173652,-1.68918926633605,1.55778397447405,1.93056742888722,2.52324389782102,-0.57270030253597,0.487173274838153,-0.0909103083422906,0.790890370023872,0.37003144134372,0.142762369530265,0.361157399764212,-1.20225091124814,0.480367173367901,1.2626712490518,-1.18905288439552,1.78353958753807,-0.705817761840554,-1.18583897820268,0.285779561568262,0.461456561091864,0.618575353741972,-0.694739881966404,-0.245791968570457,0.690663894340201,-0.735981226985933,-0.605679158380602,3.56883971086664,-0.710594795111365,-1.88294762029386,0.95146662139206,-0.32239620357917,-2.24004036689635,-1.3631284463982,-0.22519574674267,-2.14949006487007
-0.225060214378092,-0.319145714515679,1.11328989464315,0.519996693469506,-1.61275437882772,-0.54344334115161,-0.0478571877243996,-1.18258290633674,-0.157995219923214,0.16530555648128,-1.65454154658453,0.949185162866754,0.268840530851606,0.0679877020470354,1.7695123077781,-0.19806165614832,0.122821783666886,1.3056288763842,-0.669869390124525,1.97542163208731,-1.26480666204787,0.00185666140989593,-0.04283499331148,2.299240664077,1.61988452315489,1.12933356548805,4.63033094120632,1.34420498502012,-0.785948599481385,-0.101389660856643,-1.60866618410005,-2.21128668659351,1.20068176110554,0.602547395711815,-0.874227733296257,-1.54483194349926,0.267505240643383,-0.19359790742265,-0.408165266961773,1.44270547576451,0.27174025892379,-2.05092861502453,-0.285557674829614,-1.72522643007387,-3.23207404135917,-1.50195886302599,1.26871199465385,-0.948974942464657,-2.03077978302187,1.88855156454554,-2.15525921344954,-0.614219739407109,-1.48916747686491,-0.727147177462042,-2.42964933558322,-1.4905267790488,0.293804540875341,-2.42269196856888,0.499076300313631,0.443745094278372,2.05694846665549,0.795809276300114,1.83164655283926,-1.29935328937375,-2.27829245904134,-3.04531451397485,-1.21944140778364,-1.83425754867169,4.79335803561145,-2.8016215851092
-1.84270986520386,-0.554455349404954,-0.0497411181179619,-1.00508128333437,0.803942511480498,-0.320421322107772,0.437116547980457,0.953291078179533,-0.437672528934387,0.0990421522254174,-2.48214173838145,1.75445566715791,-0.636982019021931,-1.9669548792364,-2.22668331818967,0.682411012112474,-2.05350141436958,-0.626543245818248,-1.29429819928961,-1.19152342020152,-0.361437321593335,-0.41674277116169,4.07544405326569,-2.63793693411785,2.57678904920344,-0.702246888205379,-0.160644003610544,-1.70442600504151,-1.5691502073591,-2.33301403836001,1.05206386895515,-1.05538211435792,0.609399578255542,0.744700204043598,-2.38273706503808,-0.27651559287437,0.642292797766745,1.42641228896093,-2.34705966319848,2.70458827503762,-1.37028211434246,-1.27882818079701,-3.47604062635462,-1.09393824886542,0.291835491779142,0.144538624834858,-0.132222263567342,-0.606142437771,-2.6727962315605,0.9068907370396,-0.751010398163494,6.76475138959965,1.66491373756637,-2.02672160323019,-0.819588833586409,-0.998409015552153,2.41365916475471,-0.471539744918623,1.84817117377407,0.959367064464381,1.87022034644265,0.349277014574251,-0.0585646776911449,-1.29253698787215,-0.850976678963982,-2.06524603920424,6.04978747042916,0.37826475366147,4.70677964068411,2.46476350653524
-0.988962319158471,0.291979290696138,2.30201130279415,0.690960572729093,1.19571378357821,0.621830773171888,-0.724725382399556,-0.903123871162767,0.428563732407652,-2.12203991000212,-0.775603511261344,-0.0107557911342867,-1.37328005372767,-1.21207554512809,0.31801858589104,-1.51756562858451,-1.00127320794585,0.142796697016145,1.14717994314271,0.383892113214227,1.35460229904293,-2.87117803649702,-0.961728131055839,0.815921908884473,1.42780445680977,0.667421697886379,0.950901101789996,1.58249328476961,-0.0298263319186282,1.47202297723527,0.207841549752795,-1.86161251981329,-1.99773228877422,0.179299622016884,0.820455685291063,-1.04073821192926,2.30537390239411,1.21481707449153,-3.13652503926869,-2.86140494827139,2.17634380332998,-0.82339057035009,2.75990626976201,-0.963442363536615,-0.282243284542354,-0.13430887274048,0.428748409997696,-1.79790773198498,-0.953066586888306,1.59230492228546,-0.404009352021511,-0.0308295977096971,-1.46590907501754,3.93447967914027,-0.0986509057510676,0.830071991437439,0.952384532025008,0.645771166908808,1.15281794445703,1.08453372958705,0.259703866928326,-1.85228765088439,1.5008407216819,-1.02292511889793,2.04919728140459,-0.756213611131864,-3.41659756123791,0.474238009147493,1.32279745463056,-3.44638433050902
0.841551823108655,0.310812458903013,0.972845462589145,0.680796253603445,1.01914393536417,0.129416139828395,0.884922133897694,1.41705646540988,0.219506233434283,0.374879307854631,0.66751630934889,-0.746452597828575,-0.101621443952129,1.08530901841091,0.639540121348702,-0.721755165172899,-2.15567405943706,-1.34002967733144,-0.526420634234683,-0.761121949700282,-1.37519030623221,-1.89537568490281,2.43505209427358,-0.607883262556756,0.245089595996218,0.0843008306098907,0.207231390540552,-0.982574159330668,-0.404857616403649,-1.83358734014006,-1.57997488131958,-1.72558358971952,2.84575262402106,-0.334227407225059,0.694938409752349,0.0132405901702795,2.5308703151307,3.14538981702065,-2.3325102749981,-0.0902251335010459,-1.26326389258481,1.60375810680412,0.687291202563756,0.511315142026367,0.585804202822993,0.795675563896803,0.0895596166571834,0.562753121854195,1.08794549406204,0.133518744270723,-1.42154643589154,2.15251698552377,0.241246543945339,0.160209782890004,-0.0254285975929979,0.559557638977954,-0.931728444762191,0.432630061783515,-0.342039149689635,-0.49781432931441,-0.50040054728289,-0.156336120831071,-0.201034962435079,-2.130784076313,1.55960666774427,0.271597301717572,0.67978888279178,5.60510785131089,-0.0790208681918544,3.35305877817153
-0.336367089177968,-0.922366630604317,1.26494900512939,-0.0161936748839877,0.00124753502970096,-0.16998311668961,0.154667865241099,0.490285154091078,-0.986405056120498,-2.25687330966968,0.0846732796204898,0.961591623242503,0.282913424395697,0.925298096909025,1.92778818287881,-2.31873027622671,-0.622929899278416,-0.215069116986285,-0.423473477997549,-0.618043387812055,0.50328525434371,0.807887808623077,1.29470890426482,-0.913522013694724,-0.0946045011222076,-1.24067392656899,1.38685302595366,0.84336329424719,-0.44444858960057,-0.753703741789801,0.330507177398561,-0.00677463899421599,-1.61090618840525,-0.108385201255453,-1.42090336763487,0.814283111835775,0.699930621684936,-0.887739272034138,-0.807015828382165,1.57770493218004,-1.96574017510794,-0.581430260819088,-2.73642354592867,-0.0631468514853632,0.691210772318733,-0.258331866968793,0.604261415542253,-0.355529142982144,1.07291509263787,0.315176412757934,3.22783957037907,0.155864254326672,1.0074527369063,-0.729662484471508,-2.71397907885189,-2.87289242846524,1.70760955317147,-2.13453283709245,-2.35585603451653,1.55957737999725,0.922314488084511,-0.705304655117361,1.14622148029725,0.351266736466451,-3.12261684609133,-3.00650971459322,2.3235737686303,-1.26522973256219,2.36911388924222,6.05741865747048
-0.165344209385018,0.493203054852719,-1.29866219052766,-0.0585974992851417,-0.680192677396209,2.28823518119104,-0.841671505776166,-1.13542871231466,0.925150903511211,0.158556692050649,-0.412010989908636,-0.30374113932871,-0.939009299306607,0.722538855751534,-0.588895543886536,1.24702935942329,0.460968170634869,1.56302326607806,2.12707673836178,1.06594649633092,-0.368186700477826,-1.50116136321177,0.178831007015165,0.753505674191077,-0.42329461088492,2.3159069970781,-0.346500039238441,2.21541175806728,-0.21580080564388,-1.47051854029818,-1.55086925503541,-2.37259113544389,-0.530524529259033,-1.07815797862696,0.749849168163282,-0.0325616137147217,0.184923013531534,0.581798552768204,-1.16868819445691,-1.12209426648851,0.468010057600811,0.260925873205469,1.04258882174765,-0.229954066770485,-0.394411087022463,-0.390583030072681,-0.582875924450971,-0.398546752130847,-0.503468648858975,0.99040645755522,-1.79031728405843,-2.82340035942227,-0.353294213194068,-1.54383602288485,-0.589060140006209,4.59017692736604,-0.600530062098228,-0.066244449295875,-0.498500526482527,0.625484350778641,1.05591538474114,-2.13550174824697,0.584808265012681,-1.54144943863268,0.957139633164016,-3.1516750422892,-5.03375871584733,-0.309135509588343,4.3429810868707,-2.21333557245133
0.522431419472759,0.641485251762508,2.0541260064771,0.728732746198989,1.24363683420849,-1.55829030654426,-0.930847751443481,0.872881995492277,0.25510678191204,-0.742988609282233,0.982087560756621,-2.96307282039458,0.210076672056701,-0.575717101977067,0.555396569912888,-0.0788232895498635,-0.518148193511601,-0.154492212870274,-2.25657929156253,-0.0329840654571449,-0.513637736530134,1.92259435469245,0.775138361394579,-0.469983443504913,0.703333367703061,-0.381291909306066,0.426353906627376,-0.896459917136627,-1.59169019663742,-1.8740849275449,0.472771341547038,-1.42359539577429,-0.172319430824356,2.22675329277028,-0.771243386906317,-2.39020417797451,-1.48105977251864,-1.06025857350275,2.1219539727607,2.56436178664435,-0.151148503951027,1.26280510504925,-1.50552463963601,1.48709982865863,1.24101148601058,0.109696939115574,-1.22573645626668,1.37541149260619,1.25639510846695,-2.05221540413364,0.6009244119577,2.78956264398476,0.112907546975677,0.813554196445106,0.833647315443066,1.71669830117575,-0.950496811605609,1.66336620988462,-2.48423190960775,0.561707217326839,0.37109998957319,-1.37435572087037,0.977902566512642,-1.06235339439885,-2.37732931873411,2.47420832997034,1.88563904221201,-0.852498699727016,-2.46827882545153,4.33105116562707
0.0800100499239088,2.21410399529244,0.471728213143172,-1.20495980767403,-0.27329330139995,1.17123088417183,-0.149102310527526,-0.852852667163305,-0.461070812428203,-1.57638732599232,0.225845440594732,-1.41257242376998,0.112894784779309,0.361927200948044,-0.73189150444101,1.776010727855,0.972712459285482,-0.392517131808165,2.52826352957671,0.618950671657877,-3.07761989537392,-0.718317723782622,0.964594274144458,0.419035389401964,3.4348391644846,1.04472576366577,-0.785995647364956,-1.23965768441226,-3.13359761819164,-1.95768136202579,-2.18151704614057,-2.21749178197145,4.13389237003583,-4.00482035499605,3.63304460269866,2.57518055438983,1.05524332484272,3.6663174278859,1.65835862487382,-1.95479201617007,1.4642308480788,2.14220241496195,-0.859258059661936,0.989684610389654,-0.651993418767689,0.956838730953781,-0.824435931787122,1.65803431042889,-1.46454216385997,-0.750267571518044,2.00062892698512,1.43965665597108,0.901280427463235,-0.26376565835113,0.782810251010746,-1.04911829446965,0.671890100507384,0.603817840250118,-0.450646604485377,-0.686659205397588,-1.75797532874063,0.459837255887686,-0.537346998817333,-1.05935056411332,6.75130162601136,-0.232786996048358,-3.69677679961113,3.39582481990959,0.751959922750127,0.151954318892466
-1.54850001257815,0.970970674319678,3.83261521889797,-0.354266678302833,0.348793627478432,-0.0483735462507287,-1.4795973529989,0.319758477308947,-0.723429057408426,0.547058094812619,-2.00428512868014,0.896162583980871,0.308016750814493,-1.24157258346937,0.578718914936064,-2.34700628806711,0.823186453728382,0.138759165201962,1.70686328411122,-0.0248267487258959,-0.887972028125449,0.047241122648307,5.00045266043829,-1.00797137156636,0.50658094847661,0.0737897463098955,-0.286600929930442,-1.31287504758045,-0.807555945126462,-1.89327700852936,-0.559953418801148,-1.18706734379899,0.106579611119805,-1.94003835709503,2.06125567271427,0.895855724428,-0.529831256254413,0.326779821140866,-4.1135134682765,2.82090308526519,-2.17068028964352,1.03727331205812,-3.51241930016082,0.663354010961298,-0.322448221422326,0.0195715718271847,-0.541052060077902,-1.75784522189588,0.0816045548677647,0.139302266011696,0.181493102880192,1.96389535394933,-0.179372486202223,0.520100374711894,1.23294615633637,2.16131684729134,-1.8601131406898,1.45142120593956,0.544627278377559,4.76300224981004,1.32903229133152,-2.49430514573311,4.05696191220403,-0.259188756127606,1.08323429131361,-1.54647147867277,3.25319049844066,1.41103300447277,1.81162891183519,-0.15470068170548
-0.37487985051291,-0.964333478191208,-0.858510424986342,-1.23830672835381,3.43369372696071,1.26581192547379,0.874452887438618,-0.122271793197058,-0.670048422848558,-0.278902269001528,0.273818738838403,-0.64150460672002,-0.478477059060506,0.32756059788346,0.101712442957457,-0.537018739998133,-3.07554624503736,-1.75299528757659,1.27361441872792,0.581901576821424,1.19542174808768,-2.16348282238694,1.36454293328514,0.175247759930039,1.59287646398987,1.22900034261183,-1.28920521151816,-0.256887052848236,2.03779269450804,-1.10290670603898,1.67431421319848,2.06498701653118,0.936475229233871,-0.275349621193523,2.48543800590159,2.12871851936974,0.954476284235023,1.04739682209886,-5.20158261076244,-2.62188834776417,2.01819689344824,-2.05305773395311,0.341664331597827,-2.84774747835227,-2.31035562740924,-2.31019740480158,2.25204684144709,-3.09471383068623,-0.962733198690863,0.429999378106801,0.0611554131613258,-0.273342130315431,1.24784353124607,-1.75912308670726,-1.38996297934758,-3.05330440872282,-0.774079904895303,-0.301152751157498,1.89618436771329,-0.438060088521099,-0.0543113286887847,0.257014650810472,-0.562520311986354,2.68094522275459,0.331792623487519,-2.80875703984274,-0.196325615943899,1.38172806786442,4.8631158729123,1.06720486340866
0.0742199321543519,-0.4143604525459,-0.435574458586348,-1.57659352399292,0.00890539755941183,0.467113087984937,-0.587998672157545,0.562563254503761,1.33188196724678,-0.037670590664278,-0.319054813197653,0.514457198200116,0.210572037448227,0.682239539721483,0.100911356882434,0.0706730207219788,0.0282032754066699,-0.703300224096809,0.177642923652014,5.26256331460215,-0.610564964305155,-0.449692053489786,-1.5230410618766,4.05755524617598,2.89421026360598,2.90450108805323,-0.377473393615057,3.83490631898373,0.631905793672549,-4.12651988111334,-0.294318269863367,-1.15397316231774,1.96837493067203,-1.03782900593424,0.760869440518858,1.41301438583445,1.60340259614265,-1.47413850300042,-2.06427338114536,-1.10842801105351,-1.24441643412796,-0.965876516024161,0.990990627340742,0.228817225343812,-4.05406944378279,0.0911403652809279,-0.705099537474216,0.928037067565268,1.79639524853941,0.51214332403498,-1.72849785365235,0.153125220213209,-1.50907873357552,0.566429486462567,-4.21367347372794,-2.85886786469935,1.15662157864095,-3.30224825380689,-6.88864200064054,3.72591580327508,1.27011519867648,-2.35026553407281,2.93780630308636,0.780757365490278,-0.601881330160649,1.96179451324112,-3.49210750570919,3.18233384126081,1.31142337349247,1.66101805358606
0.271249158138075,-1.0539527089648,-4.37380495498166,0.614629160951786,0.804076979278464,1.3513826750618,2.88015246375362,-0.170078162465528,0.043124426877367,-1.35305240269891,1.12112754764306,-0.213839751986779,-0.203145425335687,-0.77753410763983,-2.23731915230039,2.88038890062553,-0.0205269320761273,-1.38399551522145,-0.932113501867208,0.473572918356445,1.55231220573805,0.139295714194967,0.57091793634785,0.148411755663992,0.503581777651827,-0.714024724145203,0.714202974971131,3.30722239827909,4.5173707346757,2.07773796432153,0.36705676966288,0.692500225417813,-1.42924099354702,0.846827960918124,-0.181632883182263,0.436571491413578,1.32012790986479,-0.771009933980972,-3.35842338377852,0.178277280544346,-4.57740958216546e-05,-0.0442649875034163,-0.0797632896962949,0.197587046626952,0.660336335153804,-0.605595704143008,-0.0944781528564452,-0.80014632190968,1.62673680472637,-0.96326919417612,2.24431802033923,3.14519940734026,0.794927224436377,4.07365300540326,-0.651599411959053,-0.233659305379879,-0.188937782394238,-1.11475487535401,-0.936041652239639,0.70093369573971,0.231160002078382,0.85346650750722,2.0311792674623,1.57514572826665,-0.556257118318664,-1.37704871241383,2.71415601756026,-0.737438682904404,0.578159645489801,2.65221805148629
-1.09208207386556,-0.512296945808223,0.479205879097874,-0.433465329691202,-1.24175222756647,-0.28571232629289,-0.429672847632383,-0.561450269354734,0.57089387225557,0.277635588807562,-0.75451652064028,-0.0861100183845956,-0.0752148557292923,-0.336999894729495,0.237454417560088,0.130897844865554,1.76314243436795,1.1902655407257,-1.13572447577837,0.508992865475502,0.61894254614597,1.23521707169919,-1.20726702018693,-0.0366339615738311,-1.29063888294222,1.17207797312326,0.0869351577266103,-0.793788250560779,0.0118746210926691,1.70810446406305,0.636358584407754,2.16975312481876,-0.185581771586271,1.48101613608403,-1.78859600787665,-1.76777422014205,-1.01954648176506,-1.19698119977231,1.98865780532855,2.88459597895321,-1.33157362036982,0.00149714959996228,-1.18059103372852,1.37144982858968,0.505380853589357,1.03893867541826,-0.849650067875859,2.17540761038967,0.801501329952559,-1.1970841305416,1.13036858979192,1.12489564130456,-0.220783005844443,0.96914995476309,0.00781885339076321,-1.58348813738968,0.763606286905979,-0.872066820847253,-0.94304077746163,2.29947577079203,2.06378756119779,0.613781348791996,0.923245809020927,0.389740236383034,-2.39083511117306,1.81400770764487,-1.46254979711087,-1.51019410448875,-2.95870858999271,-0.143884840745748
-1.4774470919435,1.41858539620023,0.567702849570821,-1.19760595719194,-1.85453026670824,0.336544288015844,1.1932211234261,-0.58581342680136,-0.28660835946829,0.428792668715821,0.23920536925057,1.11093832509296,-1.7965866172031,-2.48762631696569,-2.38177484949292,1.5617571873788,0.814878579934968,-1.38864336903428,0.427283906057573,2.26206222519905,-2.46873103449426,-0.102139588581982,0.285280155443308,1.92232176938876,0.301916163443312,1.92469418062758,1.10264370359328,-1.31819922940837,-2.87191885076134,-2.65882248383346,-0.991782770160329,-1.81839396059469,3.92382301050569,-3.44766289709579,1.83214074618107,-0.0576212869164379,0.948599462478644,1.85403127778497,0.117183518165378,-0.681353679958308,-1.15256900336064,0.706525097908888,0.262971848701259,0.524462973925919,-1.41195670291059,-0.20048622389585,0.398967251489854,2.08000431676723,0.627660410273294,-1.07938084489186,2.6171575862131,1.20579549995408,-0.403250962647224,0.626271184016035,-1.9074361495746,-4.16806793142209,1.23895064869145,-0.671140975786839,-2.37944013047673,1.07885814380879,-0.73085998854029,-0.302673174914652,0.562549101697537,-0.134745480277965,3.48557585086413,1.70786652301618,-2.95457417722076,2.33631754995301,0.0529954474866915,-1.41061532045874
0.269928805038251,0.0157549830308127,0.97886770811475,0.942182652371522,1.13705245048964,-0.0327473280853846,-0.5561285227334,-0.197736241233515,-0.118912285861027,0.804586365226414,-0.288182366999097,0.0415217838808546,-0.863073766621391,-0.742559369973928,-1.29211327634032,-0.798409290495821,-0.385490346416372,0.836987410955745,0.0162788946872798,0.392440636986725,1.07376621253704,-0.891849678367423,2.69547162439244,1.53520071524978,0.932532117302126,0.977306098525273,-1.83852872631679,0.0918086379744845,1.14054108125904,4.44713576806531,-1.19027862024935,-0.84295528644592,-0.688045150880105,1.31133449068661,-1.63489532951476,-1.05402601523287,1.46876077925675,0.501168524299097,-3.18791377380969,2.68423445056825,-1.30223979615694,-0.309721783297747,0.0858148914534027,-1.11862221938493,-1.2998438473409,-1.00500663195106,0.489138387681994,-0.63195410597803,-0.309533942926312,0.360558076491674,0.303666268098372,-0.75482389146978,2.28524710367886,-0.336350329741123,-0.0469301676420147,-0.999045583533514,-0.841350265408653,0.246206067019965,0.935286907816317,0.301234766593506,-0.380236072448744,-1.07999092017273,1.49112817652516,2.00459408801918,-1.04814142699312,-6.40381176442198,0.155136178795851,-0.512906867247799,4.80445721902664,-2.75115812844288
0.516803336685087,-0.315918260645846,0.970181816743264,-0.806923147021224,1.76021671035156,-1.28918170306929,1.62913042155339,-1.59106606084342,-0.331046284922392,-1.16331147575168,1.10604186199102,0.142269794285666,0.999494083325779,0.448051227805717,2.02262120346277,-0.961273052038504,-2.20148193788688,-2.06755169658294,-1.80950473086081,2.13230240593731,0.200349961488301,0.189920773634338,-1.84776237409058,1.70624447066066,2.61057661009285,2.85794745609814,0.468934901091531,2.55129164426278,1.3592745231443,-0.392974903169191,0.0442993214451326,1.74782768669527,1.76735139628112,-0.704428207838611,-1.46750276379882,1.81397057544274,0.907369870146563,-2.68019478906582,-0.193742088651303,-0.572796969388699,-0.250292908113319,0.23419779431908,1.31412428436359,-0.165451402790793,-2.11075498886278,0.391931253330833,-0.436773591678857,-1.25737564957277,-0.469788150183006,0.234211391842064,0.783141816744114,0.455252160593815,-0.389453449438709,-3.61123530004056,-1.5657823815206,-0.537590757331992,-0.182538532083878,-1.17771262974639,-0.18701970915011,0.153555276498279,0.148699951921486,-1.14435008590151,0.979015701762856,2.01779572652664,-1.16600229685813,3.79710869626612,0.274623004181213,1.70591197520531,-1.63665543975296,-0.697489099626555
-0.566213376754444,-1.46498510270521,-2.44398565340989,-0.911954417418577,-7.5604732591843,1.10812386542639,0.767876843467472,-0.916939646205748,-0.998379113752656,1.614128336228,-1.49965659924064,0.456162626499235,-0.0488879311553744,-1.36558470099938,-2.30128220763539,0.692573726445928,5.13666539749618,-1.46764329936948,0.614083232723062,-1.49016197962266,-0.163617906273217,1.58564980475649,-0.299280967722796,0.0215827357288403,-3.05326116611154,-1.06426413824969,-1.98723854283056,-1.51298775718947,0.610687921078919,-1.35288498281696,-0.485977453240385,0.0487265160573607,-0.5941898535357,-4.3644483353809,1.32302561316475,0.938751148047793,0.118475770994022,0.722710532329535,-1.74353240625287,-2.08291618650169,0.586129338456443,-0.475277133477463,-0.199629850015591,0.330905850552745,2.07078531870969,-0.168787424506578,-0.243244284325345,-0.600990801715613,1.63203270070648,-1.78047349591808,2.65897283046013,0.111653619124437,0.0763460600156751,0.23761300012218,2.52394158435286,1.50142466029653,-1.23269947441814,2.00294566018418,1.78282505268383,-0.898627655958418,-0.027948854315554,0.626848852454212,-0.3859300944456,1.8227391602294,2.50335970640359,0.19833369242088,0.633448533283775,0.713741327530409,-2.17060317094697,1.67930425854704
0.0789364500307706,-0.0674958198687362,0.277398698033542,-1.26342878299928,-0.172680429153841,0.338371639301048,-0.273055810284434,0.745353346389559,-0.556352541364123,-1.72555443380573,-2.56889082873983,-0.934645935323287,-0.591510312905529,-0.086277858999054,0.547208752581075,-0.978425445412583,-2.10137639638076,1.17533873049665,0.745805355862745,-0.571234200504729,1.82634189948924,-1.77209737043014,-0.298893775000437,-0.044384862068982,1.09624524729954,-0.426254757945936,-1.26777956600959,0.904857381049234,1.93044295988145,-0.485977230122667,0.200726610124423,0.9591990664317,0.873720383436553,0.943284724285652,-0.41627183384912,-1.1867509059296,1.34659294245476,-0.194603267022441,-1.5431428129377,0.177524682561282,1.22357319596687,-2.84394552541229,1.15368261476598,-3.21651692205504,-2.84774332813519,-3.02931601849518,2.35571890465979,-3.61440366229471,-2.57416247829392,2.12189871757768,-1.72339982813925,-2.70946888338629,0.916105250826758,-2.45804979160948,-1.42128785723565,-1.23933493878637,1.73494796707373,-2.4106009032831,8.16233630480997,-1.65626573821215,-1.15212351737437,1.09791207772877,-2.17063520969836,0.769674456074572,-2.64628008497629,-7.11116186842439,-1.29409436624733,-2.35729458869377,7.73678313294265,-4.8373668478599
-0.197631078499514,0.0626153731388067,0.734624044532474,0.0294371246257966,-1.05619396925457,-1.5261955973556,0.156850189154058,2.92014189479149,-0.711523381982177,-0.815995228343292,0.345995851130991,0.291856338677757,-2.0958252917846,0.525059996339077,0.952655791688928,-0.214290253720283,0.796364255351898,0.647182029949743,-1.33757017504223,-2.26978556499396,3.23294418062247,1.11485249282954,1.97156304708077,-1.61081906378711,-1.41442062670456,-1.17532538483427,-1.96643600804394,-1.2947522421499,2.54703214680845,2.40406955043966,2.04363493052736,3.03157596786849,-4.50454700582604,4.00948319701775,-1.82017387967867,-1.75862298455396,-0.463562570122378,-3.53486555702102,-1.82997916712661,3.59275718275703,-1.58767098424106,-1.99263501755699,-2.68176197078517,-0.088214057222538,4.95869555951468,0.0271817057783802,0.134923110014231,-2.00794826600285,-1.35191031292109,0.0665171062311221,-0.357484613576189,-0.752012451119034,1.01183084837312,-0.930091475003356,2.07710746253765,-0.923678843219486,-1.60524093342091,2.08494312714973,1.10647629369993,0.886122373187504,0.896082217451754,-1.05235472077448,0.961640022562813,1.75556796382568,-3.53609617822907,-3.91457705445651,6.127144650449,-4.3205225286875,1.19658434390605,5.53236863477562
0.0271623964132408,1.11888616458544,0.00774051915839334,0.0289894308167838,1.55772871229905,-0.972209736974534,-0.225832782310383,1.15572089542921,0.469731849256712,-2.52296241647756,1.06660710322129,-0.164990888790243,0.303668204903942,0.320343835120472,-1.57286045057217,1.09609843243113,-1.91639630653501,0.884504256210636,0.377466240568824,-0.292779056365573,2.43846562762993,1.3322339998614,-0.555534507726568,-0.553671966806145,-0.566686183244299,-0.491660813302553,-1.06006033878749,0.851325720945405,1.27411916920534,-0.63810241314846,1.39078577516009,3.00372803931335,-2.35566247018684,2.54142234854192,0.29493034881276,-0.181374492540221,-0.110050496648004,-1.86385860420616,-1.72893319841886,1.83301677598937,-2.78070338672488,-2.81672775779451,-1.43612923405262,-0.186583290625262,-0.0926475201715082,-0.643382791363331,-0.867547732606259,-0.762833231882766,-1.88510942327796,0.175497838952745,0.604000532846712,-1.41581222960658,0.0821003273160812,-0.373783764462189,-0.817059080672177,-2.35941210560987,1.3901148194014,-1.1426130692092,0.437120312165409,1.1160826267853,-0.691270444769852,-0.0541276452239754,-0.0555762701078563,2.09014717964364,-4.35123160750778,-1.07682586867476,3.00768480107393,-3.33501138148533,1.03634872692291,-1.37946524955909
-0.767678129896419,0.282222383453507,2.33729238421862,-0.23525275583938,-0.487376162664062,-0.879616238969418,0.314548678538163,1.37521260903664,0.29683997771988,-0.856786115105876,-0.0321986587432361,0.0659223989046822,-0.649426059603901,-0.325296762531962,0.744822443574091,-0.877034413180435,-0.155213886647958,-1.54426946338968,-1.93694537211407,-1.61876468034932,-1.97805491036715,1.66639448928985,1.76887486926439,-2.73729754137015,0.457201324744557,-0.452958303880598,0.227813716486849,-5.14784673345075,-2.89075304035355,-5.52617814788748,0.234368717357965,-0.101855381718778,1.27440703020545,-2.88846462452988,0.318705877754997,-1.98075395009854,0.521992832000592,0.917143692553477,2.06771188462601,3.16992444449287,-3.14314852240984,0.261939375546263,-3.55925777826951,1.20220773773472,2.27283811734428,-0.0357101854391312,-1.22079628987101,0.370231699774334,0.808854044195849,-1.79248799629433,1.92738136144954,0.744554978494809,-1.88365913220298,-0.417069974895144,2.49491307144562,6.21249821117384,-0.79124287144146,3.00025504545408,-0.189636546849805,0.119065102407242,0.587080017964625,-0.288877837728311,0.277379290108696,-0.879229591522356,0.68879192605876,5.18319783458491,3.33680580989213,0.783097379405736,-6.11385605207505,3.35621578285188
0.362304176821612,0.72218154832482,1.14922538329678,1.06184875997099,-0.124961470669965,1.45925151802782,-1.22390913371912,0.945286015867358,-0.556656053909606,0.386490544431058,0.943501534265958,0.368594133641808,0.316509999740278,0.320409533240217,-0.0735588741127347,-0.0272416704365039,0.862368242353092,0.35042378260164,2.21677485354003,-2.48556316742335,-1.61570192746983,0.252980671496478,0.00892753913760824,-1.23296378140463,1.66653487620845,-1.79580938937622,-5.67648189019892,-5.89723813012975,-2.14491593269563,-1.51076692866894,-1.90452677155396,-1.69421017606128,0.648897242300103,-3.11655263248842,1.39244033671859,1.34472745068671,-0.121576718304549,1.69501901456359,7.09341234190335,-0.558767442937678,-1.16381308940564,1.79554963112981,0.212473512669561,1.68112895903704,3.88244135230437,2.67145566228583,-0.622141714441404,0.474058435870584,2.83531279811519,-0.870787821841743,-0.0192115600711352,2.57732724047157,-0.732413805668777,1.32029117093445,3.41114432188037,1.96077868054967,-1.42096863941371,2.08035551287219,-0.0522213449952232,-0.714896452452999,-1.05229205521011,-1.57196157510961,-0.480632047231301,-2.23886187997773,4.63031015565637,-1.45973120075012,-4.03969993816892,-1.13751833396911,-1.02800670449992,0.0474644209247203
-0.541729944526435,-0.288030108262794,0.779320863976295,-0.43010290257474,3.94022399406148,-0.278490691191028,3.40578397249598,0.659881004500811,-0.660753295988031,0.471324703439818,-0.812143698551068,0.595123889155095,0.0611915552376064,-1.60960924072658,-1.67549727252911,1.62047342308349,0.217264277793511,-1.19027399155977,-3.63512900976322,0.461305354997356,-0.706476907750765,1.25943580955277,-0.425179995666493,-0.351274691239314,0.361170270030911,-0.930662775188372,1.11052628096117,-2.53327956027868,-1.03723935089143,-0.961331661949688,0.495725258386658,1.13706261817029,0.199662497926797,2.56671841836969,-0.830344917795327,-3.23008471365325,-1.09132288039839,-1.00002846645671,0.250351871705316,1.20426971603484,-1.45060557322023,1.25325243671435,-0.358964043331691,2.04371382362118,1.44738245669717,2.46653818082917,-2.46895158852302,2.04616834645938,2.13095234893708,-1.80341239389772,1.8065987381992,0.584379829402081,-0.834800776963983,0.76629943503788,0.577256987480672,-1.16252093630425,-0.982722809446511,-0.323612401807376,-2.71149811587722,2.13122244579406,0.858988102771595,-0.712948097666328,1.55830233017797,-2.56498755978708,0.405698613068673,7.55968738556745,4.15674241465211,0.0672898676879623,-7.86633319407736,4.6670138434046
-0.609609913222026,0.89574301451394,-1.2092213156869,0.559890570850881,-0.66148136634888,-0.960703899610802,0.00250665382863826,-3.23367733456436,-0.601191197655808,-0.547581232568131,-0.681428831980871,1.2479022014683,0.503466773974735,-0.498337472271577,-2.38952422918158,2.27889203894684,-0.232046024169174,0.0243811388803288,-0.583425147888895,0.516000609619305,0.204176330015544,-0.654011372280097,-0.992150729639742,0.678126091538315,1.36644940596372,0.775341807530733,0.0359809329064125,-0.282368900721218,-0.798803056112737,-0.361300021526577,1.45178635100667,-0.938649773227918,-1.44434981489894,0.772598576781524,-0.226131000574348,-2.68002147200139,1.33638864158304,0.184250459317584,-0.955288208004025,-2.01153135791307,0.371772039730837,-1.05612238105643,0.933530121154735,1.06736248255617,0.431034148091715,1.06331306910239,-0.806616766010436,-0.577498157108658,1.42488519856688,-1.68134307034308,0.419227982318209,0.569501629293843,0.267933468999535,0.0810721358638996,-0.197025597598956,-1.82561153195014,0.927378718966339,-0.18169022107196,0.567632479920337,1.07127368743495,1.43395150906862,-2.57758992947148,0.85412095033427,0.619137195390599,1.94291036908712,7.97171162198439,-0.292766180944274,-1.27911279917772,-6.05512069495277,1.01483239488667
1.22431362418619,0.0281124752302378,-0.813364084573989,-7.30763637075595,-1.47522731135101,-0.498170478172456,0.551875580468058,-0.0575864189191971,1.02511976783529,0.441263517165095,1.47450225995945,-0.754808385976024,0.425983324717242,0.70489969129929,-0.163732332766609,-0.399112529950656,-0.0640396208089975,-0.0597140954495401,-1.05241805677882,2.52736470127777,-4.05543349586864,-0.45013642880082,0.171265515634473,2.12266758241582,1.70472749443785,1.65640452378033,-0.421205630027904,1.19161554761787,1.34427350119011,-4.26355689583456,2.11526487442303,2.48556318774689,9.43172675620579,-3.15780555971671,-0.946126932490845,-1.1022846970412,0.269868969665423,2.08721235709417,0.132692703261983,0.186160841390217,-0.847467237985793,1.04618479350451,-1.44274956618986,0.055334874620698,-1.05559218128842,1.20767930871572,-1.38337106662404,-0.327089005641699,-0.616045911509579,-1.86783454619223,1.93296847086009,-0.0437660926520825,-0.387484414078891,0.0631744425824807,-1.47453205555409,-1.65836289274253,2.03752476280107,-0.800935872328616,-1.37596779655314,-0.994767937014087,1.1836608817579,-0.406077598162515,0.0141159298745631,-4.60001280601828,1.42396093527716,3.67580497463932,-3.55316954050918,1.69038457188711,-2.55894782585494,1.03063565510392
0.610569165230724,-1.84902301578175,0.194924362964975,-0.431111902020252,1.40283681832707,-1.29865166743748,1.07065829571196,0.277974029749631,1.07559284261979,-0.175596466159844,-0.42619562207816,0.250970536011761,1.0515354266164,0.442121049491017,2.00106942504037,-3.72748252103232,-1.34039823968505,-1.38997577352794,-1.56731873564536,1.81876620537011,0.354021702280845,-1.00442152149795,-0.377273755616589,0.998224803646478,0.354645024439484,1.33508277868741,2.4015801298736,2.17899763769666,-0.860104436639577,-1.04307917920656,0.916113118482325,-0.0303670781333604,-0.706855659500221,0.0272443610901272,0.33477208363587,1.45394815929255,0.111079357796826,-1.00909221614251,-2.24307126439996,-0.443207924746652,-0.932396540771594,-1.13925910408125,2.17098968595487,-1.34710765630464,-3.20156934045272,0.200638840018157,0.246656198025561,0.299535773008933,-0.918374761961552,2.08944204781447,-1.81869924803737,-2.39232251751122,2.14138898425904,-2.33153734086196,-1.49403674810351,-0.948692944607719,-0.496158181999443,-0.462934102766224,-1.68970106055476,-0.411161863621406,-0.354829961978738,0.165783803355752,0.0507601461355514,0.316777817060471,0.88433541301677,0.941384205762949,0.956849455847035,1.03769531569944,1.89826563489265,3.21455795321538
0.418914602087147,-0.165101131332904,-4.3628329743354,-1.11251271371288,-0.597266685193118,-1.45265286376247,-0.975268150335035,1.71313879313811,0.404202303996096,1.48927248018363,0.0270968590593284,-0.512240610188203,0.0501508825406605,-1.44776608345324,-2.94399155300615,4.79634766922578,0.113406592670185,-0.384480039545193,-0.788740841098643,-1.04332511611191,-4.47644503443044,2.12034877932828,0.0742299389374773,-0.340975041406357,-1.56334170893994,0.878427067226743,-1.15744736989958,-2.0152031109057,-2.32268580276783,-6.37979952864332,-1.5281733305512,-3.53832684575765,4.26741929339193,-3.44396928273964,0.3892754852879,-1.56178390489392,0.241787152481291,2.78148232714248,6.05059576188997,2.23868978445552,-0.540240003005275,3.81156742187421,-1.92301629773713,3.096056181867,3.95127253900877,3.50222363637722,-1.17043665623223,1.54086208869566,3.37689162689636,-2.04062458987978,1.49154864029596,3.78137165047188,-0.21748694246759,3.38548168548355,2.9947422511382,2.05507430812625,-1.22463337631946,2.23241082066769,0.347309762666933,-1.04375001693841,-3.60441315677654,-5.71079235791296,-0.209515210421591,-3.52171850753543,3.22627655644413,4.97033134744364,1.8015848307821,3.48841618095632,-8.45226603635729,3.50722971246469
-0.101849021169873,0.932396316333038,-0.212021205774435,0.315590619287204,1.8519451916595,-2.05824887801374,-0.0238776945022682,-0.407447235221592,-0.64374880802593,-0.449123141387444,-0.548260406179598,0.0550315664163188,1.00404560176764,-0.646976518196827,-1.62639610128783,1.53115767777536,-5.22403358218734,0.610650583118734,-1.52239745173342,0.389525358277478,0.597239668678535,-2.63822095045945,0.704458139398582,0.718429119720434,-0.097601122738268,1.39317173789256,-1.6893305359762,1.68953565231177,-4.67902131145799,-6.17486981829554,0.141957416874408,-1.24696773077547,1.22033363807496,3.38299331157792,-0.723110554709099,-1.50834854851606,2.67381451564403,0.608750794524098,-3.69766548844068,1.06834736620753,0.277183326137945,-0.586865714879316,2.47658109949596,-1.2854259005324,-1.91514633017089,-0.860566827867737,0.773600250696547,-1.69400804440471,-1.65723464244196,3.23352492372951,-3.33480478851476,-1.45146674990854,-0.630640234556412,-1.55645513802058,-0.625849937645141,-0.95802224979119,1.11691079840157,-1.11137375395915,0.114451107382786,0.53088013493101,1.41445068997038,-1.67805214479706,-0.778371662673751,-2.68481533602011,-0.0607051849050888,-1.81580054766646,0.137728203586049,0.832634079246437,3.52637867705657,-1.00400875741909
-0.646029011420895,0.427096485311513,-0.805372285800024,-0.205550115230509,-0.898905561221393,-1.39349494617428,0.855767387708114,1.58199944096401,0.940520015073133,-1.05451882992752,-0.470332520043179,-0.272404194880389,0.0574091845712872,-0.135216699072451,-0.15927298276656,0.613703357222184,1.2194839787606,-1.59527949367905,-1.09338352619029,-0.835941566159744,0.274102648776045,4.64025051084046,-1.26670721685628,0.575021367879515,-2.17618019429457,-0.688399215638867,0.0884278487693249,0.489839281964897,-2.87891934231917,-1.77953564021472,0.155610539007615,-0.0996533333906032,0.739115026399537,0.125603276925655,1.57285529809946,1.201310466781,-4.06954109881711,-1.33713455046782,3.9602755842157,0.506421612027032,-2.35972829748961,0.512779076160691,-2.60305520259937,3.20337899306725,2.59117966888192,2.45812918095805,-2.54541123212683,3.43139993267136,1.55648758829454,-3.52520580950207,2.49089762247685,2.45461510292368,-1.79587946436253,-1.46585063175444,2.02552239297527,-0.228812583524973,-0.567077785937436,1.74404255399729,-2.2603222291232,2.63389034569005,0.980084106724788,-1.09910860939,1.97199656766141,2.16863374740086,-0.884952705143225,5.43827141325902,4.62515888936254,-1.89967446564888,-5.58126729140155,2.87874963995416
-0.169343318909947,0.184026147202614,-0.10670922718297,-0.38430410373905,0.15476715899783,0.780055621498581,-1.602119380232,3.36154397516507,-0.219880674882469,0.672685806282759,0.431055183335214,-0.822018843643315,0.112599766097647,-0.291298906940935,-0.661368708780891,0.285708787490073,0.721866620200453,0.854911042753488,1.82123493432224,-2.32579214558181,-0.480823351820309,-1.43097242292226,2.10755251426682,-1.78837697257722,-0.76847052373619,-0.932320170289681,0.956140560190893,-3.37758583336937,1.0597706178242,1.04108238123914,-0.568868061570247,2.46786961234551,0.000209480054444988,-1.71425465151344,-0.0911382582077972,-1.24324194150029,-0.00184078518591924,2.14530447432701,-1.75179897229146,-0.922998476638891,0.693961468441718,0.944154024933753,-0.0222249042405603,-0.393758994485869,3.21645543631822,0.412568203494694,-0.376593164919117,-0.201370195108662,-2.77492022339017,-0.260684121147784,-1.3908709127899,9.55733474745619,0.905743684858384,-1.02228943589477,1.14198152177846,1.69673791240148,-0.0418008219842059,0.928159035079176,2.3259250369697,-0.82436532814269,-0.873753369728646,-1.09921102180741,-0.205605822678513,0.833143694224027,1.56897045364444,-2.96785869101411,0.769472784046254,1.62503848678802,-2.68505085478556,-1.6743624303161
0.521201819433406,0.295550130461112,-0.59463585198268,0.03498337225209,1.76140497784694,2.21348277567229,-0.322090657135766,-1.70186277479363,-0.15827212321868,-0.476117029539699,0.865936664157865,-0.232540724304923,1.20251494035796,0.296533248711778,-0.139964360513087,-0.102822466323864,-1.27748583635244,0.866778246397006,2.68112876982766,1.42663924293978,0.757827530539654,-1.22183754568031,-0.951833542052922,1.04147955707729,2.26570124108534,1.91638451554398,-1.26710311588045,1.70923276818749,0.587966757362888,0.573460536975735,1.55343472707633,0.302563375080788,-1.69233939455419,-0.237218402678392,1.03883883056778,1.04519646666964,0.658648226718677,-0.297991526613791,-2.68733210070889,-2.37150670618195,2.36581523524858,-1.35596259639211,2.30335796106945,-2.11953925692272,-2.40150640935813,-0.974026812051165,0.928238173281955,-1.68508884206593,-0.948151389939111,1.31935795750897,0.31011889849555,-6.84880758454666,2.21282465623105,-0.904634088588801,-1.36114387447937,-1.48010256163168,1.18387979248182,-2.27031125903966,-0.0944484558138469,-1.06255263037588,-0.652995838585395,0.944480586334683,-1.22186542677484,1.60751531559063,0.436109564038716,-5.40781105370979,-2.05046014935323,-0.410341437691845,7.12606352951211,-5.15269497244178
0.963821012861565,0.357285518904981,-0.862771435003393,0.4635066858356,-2.77219005653187,-0.577304716701125,0.282831970822585,-0.498489196354266,0.522635309497205,0.61852574022778,1.29061943692374,-0.351586410471909,1.24685460581245,0.0218307096231,-0.916184104960028,1.59917952795741,-0.377244708615013,0.023837608770492,-0.00595348559764197,-0.0756302104434463,-1.08793305513111,0.572007248959487,0.322661756734832,-1.08929734194854,-1.63249199117183,-1.08581933836384,0.856621894480927,-0.345728145616107,-2.22281620027079,5.87655072354071,-0.958446991016123,-0.27051930424896,2.98774507732457,-0.325901592310426,0.97274432435905,-0.259100692486753,0.265768050474311,0.842750517676589,1.38740631021785,-0.0605651116575446,1.54564488784981,1.67247332861921,-1.27209104234953,1.84294290464135,2.40391599557033,1.5677206305084,-0.418391876751827,2.42404348325945,1.8493312174816,-2.1491104668028,2.08210051685683,2.14116246687849,-2.9873804861822,2.25625705077502,-0.407854786503479,-0.0845766906636726,-2.26040793370381,-1.41231906185556,-0.621254350043119,0.741776328658279,0.417636947718733,-1.11521923550577,-0.0636758223784617,-1.09380661985854,2.64796390660719,1.1609431681926,0.651834785739282,1.74090617620424,-2.87380763852951,1.23540969465415
-0.0271972848820327,2.51388619623638,-0.469582752963913,-0.626157496618331,-2.58031648767188,0.659441532094909,-0.882478304811915,-0.540780708900021,-0.7436300238614,3.2129490457945,-0.943677288662695,0.89501528175218,0.00674991085533101,1.31134081347978,-1.70706751177385,0.882133977856342,1.9890089646285,-1.13509616759571,1.50982460701143,-0.264600412776911,-1.2913020579146,2.21605970629908,-0.464488131204499,-0.713585045354435,-0.190571248979981,0.163690498683088,0.468413515675957,-2.1337606574404,0.26233885828332,1.88126433721258,-0.983110194334563,-1.20910510506709,0.738838534816531,-4.27983693794712,2.45600369066315,3.66260630843585,-1.352040966547,-1.27365328184392,4.50501447777945,-0.827927843466147,1.16343774169672,1.95409756910596,-1.94938783115797,2.52690112653235,2.20484050166537,2.92636837933901,-1.46436841743154,1.52196686909375,1.49276331785424,-1.29737822489813,1.5314029098383,0.926502497862764,-0.1048662290494,2.2363245575809,2.94497871263125,1.388288784103,-2.18348638457658,2.92664886579257,-1.99263951080285,0.900774716140276,-0.178717611856101,-0.51104383536505,0.431954053181533,0.685389404578866,3.41012653345361,2.67091009423826,1.28804553051429,4.55047811820185,-4.37650315891955,2.43207649389752
-0.800503089102766,-1.0719764145905,1.14466856437495,-1.14282042136586,-1.04304822572177,-0.504146031847836,-1.74045636142282,-0.0108488152129136,-0.784426839660104,0.156893544792107,-0.904728359136642,1.45479115277786,0.0074350249824976,-0.566340730138129,1.09433916110003,-2.15806415228793,1.10694803866194,0.372390983730453,-0.250900326669618,-0.881076939424354,-0.904276932381288,0.339045495187275,1.46365807811694,-1.45957231348287,-0.816250175671056,0.184415007789286,0.699863974546732,-2.71642592289839,0.33422324126819,0.746114358923462,0.0296450666852008,0.302675221301806,-0.604047040815356,0.501027344496884,-0.107629908648421,-0.255320020235225,1.11698650794939,1.29028250874499,1.10094605499363,1.53231970858289,-0.188859014417261,0.653054829196034,-0.46189959797157,1.06421210041,0.773976014699316,-0.27278670548263,-0.850744194969292,0.839349322287418,1.39804226009692,-1.2787907397355,2.54886222740991,-0.103632196642344,-1.14715811872958,-0.86104657440057,1.26807701621797,4.00112099362736,-0.678052504625874,2.10508290229095,-1.64090077287625,1.02250906168149,0.920694568886513,0.4209261568699,1.59773334653758,3.87447429939173,0.329171128529219,0.793637039326089,1.9036690287949,0.373816938668157,-2.09476101193051,0.0885604374753192
-0.0770629365347358,1.96748067107187,-0.904184663258082,-0.801278632526794,-0.0433958070251491,-1.09572224026838,1.69855126457788,0.433650468151899,-1.04055894437285,0.49474204471752,0.93709062517481,0.915486860799285,0.289757376552431,-0.886267204985517,-3.51333657300086,1.98703079315677,-1.47496823219543,-2.62440874813086,-2.0241551202525,-1.96553868469719,1.98490425365265,-1.04170115772769,1.17840314898019,-0.885429948852414,-2.44633591615305,-1.69094863692932,-0.545781062238041,-2.33741502724044,1.5698986956503,0.894037561738558,2.48577419148959,0.639790454498804,0.142309503489867,1.24956560197975,-0.141584348507161,1.09910552612562,0.399044208462485,-0.406458408292808,-0.990256459064175,0.835885434703935,-0.619394377402584,-3.12748745172726,0.122692513261356,-1.47878114350068,-0.491517967455626,-0.443978494678266,1.09034602236917,-2.48400254430514,-1.42232732625831,1.65527946707896,-1.50967622495149,-2.18769335659746,1.73705466051352,-0.582666994546886,1.79699613149438,1.95165640911247,-1.30600680149251,0.438354483026806,2.51175541001005,-0.429421913326733,-0.159961981410285,-0.388717253043693,1.58174654122735,0.662392397698378,-1.74783004946211,-1.66175405803728,6.10733161392594,-1.11597740548817,2.18660855005968,0.456791077633287
-0.0894190241599034,-0.772361598975736,-0.422328513275216,-0.969905485262908,-0.595128905683658,0.501723838163895,0.12232923513493,1.43206431017558,0.0179266979188599,-0.426174888383308,0.334598504726797,-0.0349703546125833,0.41425005754272,0.323165652493814,0.217945946371484,-0.693881938025789,0.657970841586566,0.899148693236688,0.296349350669216,-0.559393707939718,-0.0858344214546625,-0.438517800968666,0.354919891007632,-1.35810515991375,-0.121511691554892,-0.348768399092854,-1.08629429907896,0.733974048645698,0.541407737313102,1.13666082539829,0.383453094752979,2.74590778203613,-1.22812932833802,0.0315291947889516,-1.6775207901261,1.76639760689305,0.862670691570922,1.28589538339196,-2.87819686893491,1.59742291909237,-3.45664596690613,0.37800640367528,-1.02193590193174,1.5685309614373,2.35253271273719,0.490813368230578,-0.991668448437212,0.080091329974115,1.65379130486818,-0.52717483941757,0.419733144044226,1.5895591992596,-0.298944045127071,1.20300297284687,0.0141091630581214,1.55875869017919,1.25519714853407,0.87928710775852,-1.73021233335648,0.99216360958239,0.814248961573036,-0.903057020008578,0.784343290137959,-1.14006826733368,2.49957253971717,-1.25725765260211,-1.33625060902828,0.649757918337459,-0.158573008944467,-0.731671606997016
-0.77151194680303,-0.277397290910278,-0.116512516467824,0.444810106892998,-0.578255723630128,-1.39406123552308,0.99134105299484,-0.524688192413614,-0.422752945209521,0.134882014030707,-1.29260124789601,0.337132410576892,0.0701812795059565,-0.528274285099827,-0.304932560047941,0.268462494815186,-0.542028153337891,-1.22267438176774,-1.21854006176213,-0.143379784330334,-0.523016994124148,2.64007045098405,0.844948365351254,1.61049839087026,-1.30754676486327,0.117048856910284,-0.425805849375529,-1.0942910887836,0.0983787365936489,-1.00667005842629,-1.1599857672206,-3.91953553458779,-0.690895849931551,1.74386812430615,-0.895300462936182,-0.503049833530183,-1.7252709326786,-3.93921306592664,0.520366465596439,2.62733118250785,-1.50277018464058,0.382902395020385,-1.72281430468077,2.42389014360503,2.10788269147041,1.51362072880845,-1.51976947231615,0.563062768501979,1.77625602858521,-2.71633165788745,1.23548929143144,2.57618163108721,-1.17610187626419,2.78198298972717,1.49804836240248,2.20538099084981,-0.0631789473112269,1.14829363052354,-1.26502817573997,2.31240319484704,1.74125309811296,0.241445010309312,2.71528109297548,0.0471686557476726,-0.782924952558494,3.97822432657477,2.59727794505696,0.329249313464751,-6.11060077470873,2.94000347869776
0.943353795937468,0.425277676695338,-7.0599251356647,0.226365798904941,-0.178889794429262,0.539740445815223,-0.466770877385144,0.0103802358262018,-0.216212798061563,-0.3013331859181,1.91045780259212,-1.38454187990281,0.619906906745616,1.09307159889134,-3.70433630137453,4.99069601089674,-0.656828864677547,-0.371311964010251,-0.0982015231046448,0.259938305114448,0.385873676448393,-1.06491477839612,-0.702714282114524,1.39922749311219,2.79702307465922,0.947796607138497,0.634019789342415,1.42560804009759,1.44706266707613,2.15177201318954,1.06019921249198,-1.26408734070285,-1.95554704641929,0.0804851343710103,0.941485935952734,0.818369587014653,0.483162643599806,-0.318512190724143,0.0262474340963588,-0.508991986594734,1.05954332269053,0.821141274198315,0.639112319952963,-0.266113824402807,0.098699084510508,-0.0768689430408457,0.842665576227839,-0.609895798277481,-1.50148703403001,-0.251898751915464,2.2395597237851,-1.74437043050523,0.412719370977017,-0.491415145416606,-0.0880565268223172,-1.27792079468599,1.16913314858377,0.951303277582016,-0.803299899707339,-0.764476585858145,-0.183595505804406,-0.0590065546378801,2.20992082071431,0.883721227381779,0.177760958519256,-0.92419462837612,-0.126694687417131,1.35568253872007,-0.19995626031406,-0.620006164379315
-0.535535503909743,-0.831916931356214,-0.807522805548611,0.722873463632371,0.22286522488034,-0.132257339677425,1.05324917652332,-1.52051478645539,-1.31572974915248,-1.15327171652499,-0.711084510388321,0.245285112398507,-0.393557550551337,0.119052236752459,0.745432917280096,-0.333451067282887,0.601039304455281,2.33083003053075,-0.281383528171684,0.216851519143008,0.739085211896563,1.38896674617109,6.95002666024493,0.0139647016656661,0.173424136973298,-0.928183182050059,1.58933320740491,-1.11066159877761,-0.468067824230734,0.675388088980037,0.327760283356703,5.48739268742531,-0.736415401185798,2.72461659522268,-1.74538717772544,-0.895618843136274,0.531503237423466,-2.07129916157971,-5.53839138517197,9.6662680967675,-3.50899964421601,-0.59361038961975,-5.3014928588438,1.04427703478672,1.50275384129249,1.79360701994597,-1.7172371486195,1.3519081129115,1.41478815925207,-0.902007481290808,1.74914983044439,0.348911446581977,-0.973246847136633,2.15122670536037,0.768057723495181,5.6777320250274,-0.896756674426601,0.546928622420296,-0.432916838548701,5.17805381581236,3.66773870505854,-3.10196066595609,4.69303213846138,-2.47600173166608,-1.21762810355755,-4.58183716612002,4.78715095837679,-2.79220423404098,4.36343047820235,3.91097083169829
-0.347382256866237,-1.09971855472555,-0.193425064140406,-0.637388934449749,0.524203370202765,-0.237877571063251,-1.010390674883,1.79655168447044,0.0416033050546474,0.723277833142283,-0.405950997616363,-0.621899404573253,0.14467460543259,-1.011963199939,-0.403017480447673,0.298801517828894,-2.31284330755632,1.15323632920831,1.54383498394603,-1.44312834873149,-0.430293845642786,1.20207278215509,3.35965137282751,-1.569580582179,-0.861322175939811,-0.808362536466746,-0.570249241093179,-0.935176597595461,5.59673866286016,-0.835486585105587,0.220375547006316,-2.55572888999431,1.81256415820832,0.148282684778273,0.0648674855125735,-0.0320989906105375,0.278743776296528,-0.423495417893993,0.57653680271723,3.52234677188103,-0.969662741634556,-0.927956151798358,-3.73564949386119,0.710313224892808,2.37515281288645,0.461436164398334,0.184424265897092,1.72601763640793,1.00124673484942,0.0644019624763402,1.08773026520031,1.84470594659036,0.720253586115895,0.701084220567,1.44101712658335,1.03938723634821,-0.30658512220048,0.650643741834665,1.11177448014324,2.07430538368937,1.49227460282451,-1.81772783325313,0.98854914946231,0.1034004241309,1.33864786275816,-2.38116153552194,1.69331378791466,-0.886758631790893,0.162381176269398,-1.4173194414239
0.0563214908570782,-0.73502602592201,-0.521048756299793,-0.698907471247907,0.0331110258269158,1.1557820371731,-0.829823315596583,-0.812664400531614,0.538739745452212,-0.49868697296328,0.100572901824613,-0.527815194706588,-0.00194826516030886,0.0443130601221377,0.529068602636794,0.494720561882269,0.533346360436537,0.160040747222485,2.19219689703769,1.32344194010909,0.353922766300991,-1.17291533062169,-0.856226345132289,1.65779738865461,-0.64795122243265,0.0687682470771807,2.01941219488814,2.70931996718096,0.219863351662584,-1.25422172373917,-0.208049107941468,0.0905013251281828,-0.166188897827043,-1.43512504021841,2.0169964127658,-0.335478846798655,-0.311957478098315,-0.647624887166666,-2.26449734483215,-2.87803945230769,0.462165234962767,1.41705383558949,3.4768050841211,0.744262742774992,0.483366378595705,-0.10623865369839,-1.58820886052866,1.67971269631846,4.86375420998592,0.148831557463096,-1.87185634942114,0.537367060821855,-0.41033621914254,-0.553988007736515,-0.495638330959492,-1.68808038128971,0.298316538971566,-0.515375250477708,-1.20840372740571,0.776232836007102,0.568147813308425,-0.308190828308056,-0.236740715018509,1.47762350985935,2.68972869184506,1.05631210941028,-3.0893854156547,2.07859381428678,-2.13085242145674,-2.08734734549876
-0.556119277102692,-0.447472939307815,1.19873868058098,1.59719631571471,-1.00749440991877,-0.756908580303996,-0.693996964414533,-0.685872140125854,-0.60552454137964,-0.752652178589227,0.117517490480465,1.84965895872581,0.179798542864549,1.02679789509411,1.75306555991844,-2.08378615832568,2.20738922099201,4.22918770270358,0.0964711342854488,0.84468970503682,1.78801732587844,2.65298264783719,-0.43445700691233,-0.461790579274401,-0.160971338204119,-0.208468716526702,0.412629404795658,3.27632614094117,-0.19341846044378,0.593976974300008,0.0726777510850204,-1.11839187519029,-2.75815360005943,3.92334640175611,-3.2716844656028,-2.75424568266679,-1.13660904604606,-4.74820794702838,-0.305959829787155,4.51039173887065,-3.05715353010496,0.778600232375303,-2.33599318195589,1.20638739139533,0.0408355276815849,1.90754730486751,-0.562339876440561,0.0941569154392924,0.855761151978566,-0.506872403016255,-1.74006426312947,0.0467620336465358,0.468699803263272,0.0645529495238337,0.0453944332575847,-1.00505319741407,0.644546196441563,-0.0499563571168936,-0.19731900384986,2.25860040599563,1.26063637841593,-0.44990574781631,2.38475187403659,-0.0698213116817662,-4.62302333131342,-3.27482880164804,-0.714386316848927,-5.78770816532248,2.8561113912192,-2.33118898494609
0.744386897100322,-0.385140701598632,-0.490947689127253,0.23049273233257,-0.598690709781796,0.886205861745114,0.866876038158045,-0.440807315309171,-0.841329050725272,0.0299082500145289,0.155910563811936,0.29461187227723,-0.536229270516954,-0.533656936149143,0.0310898124384794,1.50825928124575,0.832261803120977,-1.16476352583387,0.0798707446768247,-0.949052240123318,-2.47823931487782,-0.237643626200772,1.48948006655477,0.148555246578668,-0.322556736524406,-1.29666947713915,-0.838537090418975,-2.26214204396406,-2.00298658892187,-2.74261881788534,-1.60343802105596,-1.84278365128499,2.58939854489643,-4.02697005684103,-0.21473721174568,1.26827112825327,-1.39057263917686,2.02066629733825,1.99338904949184,0.901465333655983,-1.443450619017,1.57671320782163,0.81777933730079,1.6561771465687,2.32390702325774,2.40460431991094,-0.372308865924738,2.50455325924567,1.08773176080943,-0.287794594918332,-0.220114853411061,0.500424990922233,-1.29134542254387,0.866401120695972,2.27445615989165,-0.416436135030626,-1.64418000506638,1.18655953711053,0.523326841336427,-1.35446539661741,-1.28336407737197,0.812479818070287,0.88623864073968,-1.87238688948352,3.955021675622,4.43563772825316,2.15667365070716,4.08783853823453,-5.85865331535844,2.5928989551298
0.17952483483686,-0.60806651233283,0.148935052328459,0.797737195798493,0.349757078974323,1.43015339379664,1.29117002679224,-1.74356470647383,-0.920758337729711,2.490074665377,0.61565846116607,-0.0951848620977964,2.06809282330489,0.280020658848114,0.0089110429630912,-0.812174601290052,0.0332603334290481,-0.875601465654725,0.0233408085798995,-0.164038819261364,-0.206625216995395,-1.53662736552887,1.95756007666708,-0.339447089282037,4.78913339306253,-1.1940924728549,1.02908363495964,0.955669526261368,0.718787025945854,-0.416292775205691,-1.46515729227702,-2.04785838821205,0.26189655083645,-0.204383906495167,-0.429562857003056,2.59293189324997,0.602278444499856,0.162699136357309,-1.21226971073377,-0.841607829187019,-1.21744861575917,-0.29743187319783,0.381882783626201,-0.948010732638079,-2.65446746703942,-0.0449686407575259,0.951077105379548,-0.133208964354199,-0.604795359537608,-0.398140090077645,0.66198481804627,-1.495242028733,-2.29978665260713,-0.563306177758112,-0.0006367870237729,-0.492151510116613,0.872866787222874,1.21459521163137,-0.339252596563758,-1.20815290021259,3.74342809133564,0.26336209855301,-0.93196478814633,-1.60888846948605,1.19156748849366,-0.829682811945266,-0.347470348015423,1.44291901830287,0.963743625605412,-1.45373981697496
1.2232402668269,-0.247969657069524,-3.47317790678894,2.41241919045976,1.07273757563433,0.106141772244521,-0.785624898765311,1.65656459470112,-0.593718563318171,0.500715762058596,1.21444748790072,0.13482238781615,0.689037404155817,0.419560791123418,-2.18811489861777,1.74873131919795,-1.4847955622076,2.22298238925794,0.736893403128754,-1.27684494142779,3.59489956491821,-0.503640282433242,0.250613293677776,-1.61912575335187,1.13526124389298,-1.70707239705894,-1.78525433750849,3.83855861531559,0.592702500900731,1.05699320059093,1.15927172744564,-1.84948637342479,-4.44400823767934,3.13005883119117,-1.17694820573033,-1.91650756467756,0.301071271973003,-0.635204298056528,-3.35272321988428,0.812154842855708,-1.66301719957233,-2.71480428576277,0.40762731399155,-2.00451159976761,0.55233133277633,-1.808740210226,1.68619198093859,-1.85605329769094,-2.36566039764276,3.39103639649045,-3.59831647678507,-0.327312404470937,1.79133343666422,-0.875247418314171,-0.914635378124235,-1.63629575369563,0.438806078937984,-0.339364501908112,1.3025917655329,-0.512637329226105,-0.468168258886431,0.660856870189397,0.634931852320517,2.267329156675,-4.64924528370576,-6.28313389729086,1.16112940580567,-3.88431835204517,4.58778599620275,-3.51371273127126
-0.0121498824941664,-0.907182829385804,0.499994135391759,-0.359076188508112,2.22676841487324,1.33434505063149,1.10174317675615,0.68880121641014,0.841194380552322,-0.192872557287721,0.0767696628211671,0.00531160549255685,-0.710620165279607,0.503275945301297,0.494015522890694,-2.32558812914608,-1.57975124015279,-1.68726312872272,1.63602889088907,-1.16135215596427,2.58363632884357,-1.32023422248375,-0.241587966170314,-0.602414210231851,-1.78512442816852,-1.67046177249323,0.081552479570811,-0.803661740577405,3.21136820850585,0.500382770247821,1.36386881398581,2.91931096475267,-1.17538398253013,0.0319687197743633,2.89270339877987,1.21775287538908,1.52492676052684,-1.65749086885727,-2.92438932981705,-4.21620373800828,-0.879368368867665,-0.259351275771373,1.79902103096531,-0.564224396828251,0.495847195059954,1.20016134312295,0.554327868485382,-1.79153197276981,0.503491709923627,0.868064504406986,0.857274921745597,0.203636859314944,1.86422680003589,-1.38940892849983,0.111004912001004,0.13653698708969,-0.749629072231283,0.767737012253149,1.32124013109423,0.0626585904144254,0.226524932767362,1.13155247403692,-0.412133970891246,2.71584865440762,0.316837172466826,-0.681670251572423,1.15551861593217,-0.930406446913426,0.0949716516826726,-0.745380382940604
-0.627645833800277,-2.31871327509206,-1.01737338153304,-1.05190358176723,-1.30104672186349,-6.00978492851125,-0.612941059731448,-1.67788470664439,0.666783581753572,0.794693340286104,-1.41380529297714,0.381041277530563,-0.612684333676507,-1.62641882048736,0.0812779953466479,0.211918228828023,0.703735695020213,0.490329574253481,-3.69894455997861,1.54182067246675,-1.69677026786927,5.20627217301138,-4.76151212442972,1.37894200672399,1.98224757749876,0.92473998629546,1.62057047202067,-0.819379696622567,-1.36625814499235,-2.13703455596687,-0.764669220909402,-0.696224191192582,1.56895943748471,3.2205486961402,-2.10324199470749,-2.71062817323665,-10.7690559491309,-1.97064265307513,7.25052162826808,2.37924009810959,-1.11203857546329,0.294738153200963,-1.61842221074252,3.55264301707793,0.577881636416184,2.87493987266327,-4.0202707512132,-0.100295631074583,2.71550901830374,-3.12683538045422,2.47564719966097,2.97179313085166,-1.45872445509389,3.32787086903188,-1.19606141622995,-0.452488720631883,1.45143953186899,-1.80616080800971,-2.49719892973161,0.685033916377426,0.0401076403762431,-1.14190775429029,0.482181417305211,-1.32590512636479,-2.22983150030512,8.38216838628416,-1.80458968319481,-2.44222738853502,-10.3194843180857,6.58635525223714
-0.38640515617891,0.0656775413406127,1.07108331354086,1.04507560147566,0.146212753765053,2.90279738977369,-0.260008594731101,0.327771739479545,0.733833483371247,-1.0302399701138,1.07099918035591,2.67360182087279,0.244096094924711,-0.7235100675681,0.3534295475815,-0.373008549581029,-0.0791454197324502,2.38432953426343,2.11104834292109,0.638389509852187,1.46594130949225,-1.86351320490483,-1.97438713908025,0.480362669056397,0.326306771905424,-0.351243261430619,0.541444396986725,4.71542642511425,1.95737705342736,1.79766083702349,1.07799778445936,0.634359741806354,-0.933216529717509,1.41509984345221,1.18836216548294,0.144257493059197,2.25515800548166,1.0463542136764,2.41409316603426,-2.56176404117023,0.127495887880192,-0.0569662792884136,3.65736375181563,-0.724033582559423,-1.34200454471155,0.206975088798854,-0.22320135843289,-0.545494431374185,0.433638042713617,0.959608654795902,-1.67830589399471,-0.349269640815024,1.50332796178825,0.551182118620513,0.104720036729904,-0.667312381574644,-0.426038400359468,0.271775897974622,2.14754612515079,-0.541128646239214,-0.523172605861961,0.564593838387783,0.32067453775568,-0.171359075856566,-1.38064420366425,-1.77517947152759,-4.4835205302161,-2.22266296849606,3.47356559590561,-1.92802888433815
0.190598779878448,-0.627474056306929,-1.68766890795643,-0.236134650050582,0.74942455654948,1.36054221137537,-1.77504044254573,-0.0520009542769247,-0.47238040611087,-0.0111330263885527,2.9598662174464,0.946836550498585,-0.827563004615021,0.102464105709379,0.179413392203667,0.645358691741551,-1.57471113910944,2.682110590938,2.19225461821604,0.902463553165762,-1.34306149873428,-2.10610725831244,-0.501432348860332,1.28127855460554,2.08607134598123,0.0798698907545208,0.790318091457433,-4.07688759721143,-0.343745543955016,0.758854891461758,-0.987252961074323,-0.85635853169665,0.967571548474575,-0.785504832995456,0.00967037997597225,-0.850304426496263,0.786243171395627,1.79618016818186,-1.02153670977917,-1.59131509350246,3.07559078098391,1.28086927901052,2.08247427095343,-0.239494076475216,-1.29748897357477,1.21570765205457,0.958932273941448,-3.58254289566965,0.19358577410989,0.170908628472671,-0.416367907697684,0.560185957981311,-0.554304070148313,0.588618997395095,-0.474205518664656,-1.5547481127981,0.635581359430844,0.51573087692879,0.646642293098815,-1.24331462823203,-0.766034869034562,1.78316686519998,-0.0809593494115641,-2.93677278511215,1.02566113498387,-1.79820665915718,-5.20784963695187,-0.956458275665028,3.05949530784712,-4.38983834259735
0.998693658798861,0.538809422957185,-0.390600583573353,-1.32804216152336,-1.39541394410033,-0.663729706729492,0.639636091290798,-0.725347977127956,-1.03737272048202,0.205889353330538,0.722185081355731,-0.498942785719231,0.171714944192586,0.771863955791115,-1.06515977885025,-0.964603457889399,1.82759953737783,-2.22783147755481,0.0728212328687328,0.816279026888141,2.1344244514309,1.91343774291014,-1.3536196420849,-0.572178690087765,1.35327986883772,1.40421592540727,-0.28066908185706,9.64526368588396,1.92391840455162,0.57933664214426,2.36474822864507,2.71428416780034,-1.83059529595984,0.252260776685333,2.19181223180711,-0.576048181908421,-0.144621932123043,-4.25675361174169,0.574783580430676,-1.45723762654363,-0.123544574791896,-1.23077295803838,-1.28381736165515,-0.111599642773942,-1.53528203014384,0.45672899314153,0.642534136887975,-0.78791526634453,-0.595464416942679,0.0911039254467609,1.9205763479468,-1.98663188993103,-0.352946141950664,-1.28750258739457,0.0433019950670799,-0.0485289445662167,-1.4858586851262,0.716123496146925,-1.38105375482715,-0.654875166233798,0.386613840881183,0.902300044132784,-1.60419069273581,5.92943347963036,-0.0414760765902603,2.39291221914512,2.17364531477137,-0.710301371332325,-0.814803064520668,3.48552341363779
1.20837100911547,-0.280146710534076,-1.28442019337925,0.772217238656708,1.7250220305343,0.430342939399523,-2.76892354998695,-1.07474788817159,-0.425004617723034,1.137564369052,1.17510344825464,-0.186005939172427,0.339703339332822,1.58904078218062,0.721933606923344,-0.231784735303266,-2.96635699251971,1.17170370205862,1.80354047223674,0.102142498957682,2.86592013300438,-3.20074011329809,0.563890383220434,-0.0275442905325052,1.24769317507758,-0.189272756268892,0.513329083931339,1.98852000266965,2.75300691497827,3.54732045242058,0.326100508106788,2.46983907182261,-3.71126368874713,2.70137334071763,0.864925456358126,0.249354557724829,2.89590582070421,-0.898005873507921,-5.34757892850676,0.545166148845839,-1.45566555434816,-1.58855987613046,0.328472404010693,-5.11773397025413,-4.61852248375539,-4.4828879683608,3.97502797153606,-2.13784872097548,-2.87116614301775,5.15552527896749,-3.6259368893831,-3.82309290444251,3.51889740848991,-7.61313801753877,-2.8123739259229,-0.839925601780785,2.29516516241277,-2.31356911141731,2.09861401114745,-2.88842181017322,-1.05545059331122,1.76726744907371,-3.13369173132183,3.19180677771419,-2.21843015087083,-7.93162347936042,-2.15001328883993,-5.12818652205374,10.5423213825801,-6.25783053830423
0.524044984064275,0.0764854025415426,0.730055102827589,0.635452175074587,1.04048868779264,-0.178712322357662,-1.05559489309311,-0.0213354653594894,0.779904542838683,1.78295320582411,1.57153278578948,-1.3530821729958,0.312667182277073,-0.240028625843634,0.320324609453878,-0.637501126361864,-2.93477167328651,1.76852922433938,1.19526972871042,0.811273628085406,-0.894813708744442,-2.35870124081119,-0.530739817322184,1.06289679124543,0.960986137795163,0.707921358429865,4.65330699426163,-1.15365162526998,-1.55252544055656,-0.757225140415717,-0.803880561190708,-2.85515347001044,-0.863080005558885,0.346935108799872,-1.0662495155004,0.084728440585713,2.24104114664711,0.899183094035086,-1.38646600794431,-2.52907762623341,0.714010169498537,1.68551130343228,3.00762414916029,-1.88156091890958,-2.15428095455586,-0.224098849921383,0.932359533534467,-2.69319897365674,-1.48516922094777,1.00378695816492,0.365160994953333,-2.75429860880432,2.10802716028773,-1.59462499140393,-2.04167806896156,-1.22464602890571,1.75497058259969,-1.97215208013231,-0.723749205021132,-2.0818641413326,-1.31357966023583,1.22122183819162,-0.721336236441124,-0.73705362903569,-1.83793723502516,-1.39350190097443,-4.59917464596186,1.3769953568988,1.14675139460323,-2.31395768339686
-0.924274411614357,1.03287216880981,-0.742193521738636,1.1278303633447,1.19980522693635,3.02646350206342,-0.0458468308701145,0.520973852156482,-0.82387602122309,3.01065944835798,-0.197762598713481,0.298969526103748,1.24936649322366,-0.55835510696114,-1.55906505882176,1.55529803347971,-0.489493338419045,0.640289283821555,0.896372774076385,-2.38842142337458,-0.554621429567809,-2.26290467470094,-0.690307988460063,-1.8183868881609,-5.73024948390581,-1.33216667752918,-2.61897162806533,-2.0847767301471,-0.436203827354851,1.53876989391986,-3.05445182947255,3.26247398267592,-0.411459291525712,0.525366211478015,0.271278998144794,-0.34193154408157,2.60421794096886,3.66639800922194,-0.0321997098023186,-1.43907316310106,0.199820432412389,0.666976791894907,2.10077191175407,-1.97998299941773,3.97686163423588,-1.2839818723961,1.64096406297064,-1.60576227589893,-2.29559175445484,1.49018731016904,-0.200896418967388,-0.426028945629436,1.2798670164297,-0.00831762570213845,1.54052357414496,0.432111769138508,0.275287584709687,1.92837159594129,3.52482390778772,-2.61885159261746,-1.4920275601866,0.791993728317753,-2.08592571729826,-1.3251133052545,-1.05505492864619,0.169562079074003,-2.41658687877516,-0.598146688740283,-2.63342581855896,3.15964763098094
-0.546490740406436,0.219606915687039,-1.43850757387434,-0.447122927149439,-1.8511130257303,1.5835930955681,-0.124434373999003,0.346532952283914,0.545064431825483,1.21682118786967,-0.531215668474207,0.793565240175091,0.493756445790072,-0.472204614128553,-2.0955274552981,2.3849112130787,-0.0683156500147188,0.141834622907115,1.19379093713889,0.61531509318586,-1.12076176618139,-0.685209852101731,0.273240984060051,0.492802053491634,1.96627288282291,0.0577448848763393,1.52017249086475,-1.43155644633961,-1.75564511765465,-2.86143631131039,0.574903159747216,0.431573636263894,3.07827891278866,-1.10970952637682,1.51518015782492,-0.478215119879666,0.341493295826797,0.268559661039196,-0.49788674488895,-0.86738095773719,0.53188459127798,1.30968208643724,-0.912678970874665,1.24533597246377,0.504205764459057,0.709010859836281,-0.220414183625666,0.720249118252436,0.106483449358571,-0.685761535212309,2.58742907453568,0.777802017775729,-0.568016933454049,-0.464950768149199,-0.0345806661670291,-1.25404031629735,0.201727219182471,-0.71319682944594,-0.885907953894428,2.57608819195726,2.36518432147066,-1.55147707714391,2.13800956145664,-0.904606995976723,3.35431554214234,-3.6919598389526,-2.26329182558047,1.72182753844774,2.3750473267784,0.633112593872914
-0.771441005874491,0.024921770793078,1.24818708157437,0.55282720448757,0.836499265741043,-0.446790211688216,-2.39274051101253,-1.08952240607626,-1.10781785694349,-0.0394526407264127,0.201123745852462,0.573105832582472,-0.537073734657747,-1.65914535656282,-1.79213053109588,0.560067375312732,0.102814140295075,2.82352598922096,0.8370236128155,-1.16955139133185,1.28602892975065,-1.19550375138317,1.88331842662722,-1.38942181864764,-2.19537287777717,-0.64389787989229,-0.193172940298607,0.0502828121198633,0.70087813272676,-0.0408493934358612,0.386533254410705,1.17510681546628,-1.82720182104736,8.16276889452598,-1.16969647274967,-3.11067481799495,0.603931603690754,1.23882068676945,-1.46924164830484,2.88637806957473,-1.21008767724422,-0.211762829956731,0.257692452089408,0.469254000091449,1.03398961797145,-1.36549601356361,-1.14376369967685,-0.854893892967888,0.977634586993322,-0.375729764833523,0.807699663815659,1.65265417177194,-0.143849963212403,-0.508261433887953,1.36136914395805,2.44132398277091,-1.0356442110708,0.107906042849835,-1.01580943697206,1.56571612757192,0.914493927477932,-0.344538697106486,2.2296778445591,-2.30199471326778,-1.36510252273742,-4.44324536928813,-0.6319095216142,-1.91985884825955,3.40342389987476,-2.93805861927841
-0.677595495965987,0.216967551666268,2.8850864475852,-0.606793360781313,1.54657034048818,-6.44352925909445,0.388536061612059,0.0969842267726185,-0.973761993932189,1.05386415545927,-1.14875027160607,1.40973691459375,0.526129303021037,0.0956364925977465,1.31964009720839,-1.49553160687282,-2.02765965975866,-0.971133604490326,-4.60076535433739,-2.34616849583107,-2.09801433258254,1.91632119646255,-0.773007417544801,-0.257472273808379,-1.29630384557607,-2.08892352880414,0.203764375904643,-4.21383639415846,-1.68081211301327,-2.47830241661728,-0.155885056548897,-6.10979985879451,0.462900126069561,1.22868898577093,-2.94030871735408,-1.31575001647616,-1.58780995466866,1.70574339925819,6.36587638108885,4.11940673460956,-1.01515571751212,0.183842727156544,-1.51114906899143,0.964359641065115,2.90314104452805,0.943930436641345,-1.02111062055228,1.27280672144223,-0.0030602791746418,-1.71536805662581,1.33419859023692,1.11749738109853,-0.691561520899318,0.553694880314317,2.34057177117892,8.96889489849992,-1.70905186342056,1.27550393816351,-0.154926350993046,-2.65354526738586,-2.57979178003059,0.829259994460317,-1.7392423482589,-3.49757936429433,-3.08914564552016,5.8552099614256,4.68514007703505,0.481223199464018,-7.03621362335525,3.41278377447418
-0.318826750897202,0.223447425537537,0.0993497623557957,0.200597228418083,0.784175984472936,-0.552087209563259,1.00087163611384,-0.73542934477158,-0.157764918874998,0.549870866442428,-1.11494847629165,0.425523361861497,-0.203316618996352,-0.332846532902398,-0.236540678308371,-0.644254198062038,-0.65274069020429,-0.232690521735453,-3.54539762979962,0.318824791517889,1.1562527815267,-1.14110933245996,1.94145257996809,-0.816999331616312,0.132644151453979,0.392911452187654,-0.911847867116669,-1.67695274314361,0.941489854153611,-1.03395429195643,0.570215860057346,0.713717136623697,-2.39989111956436,4.56179855706738,-1.27937031703928,-1.06604254976949,0.614686166827349,-0.216809620769317,-3.18613174911629,2.38090165308623,-0.546093113795122,0.64957919230785,-0.699868143684373,0.363851429741424,0.511851237677073,0.257468148046732,-0.633567915104395,1.051779127193,-0.765297057081185,-1.51972025959121,0.447507134285546,0.287487712424118,0.630842304575606,-0.657794555481917,-0.0222791525868521,1.20925493941368,1.38684969429953,0.0498978798106653,0.359267735429428,2.21638456511607,1.28296230717815,-2.40580018215632,1.18828050993511,-2.5073960574781,-1.9546790970899,0.691796603553831,3.97532569947341,1.71842680620251,0.205543617992886,1.28238360031083
-0.522590666938224,-0.121158227379763,-0.0784008602119282,2.97201437009307,-0.150894207823523,1.2496131368711,0.242952993553923,0.154182421499952,-1.70625156186376,0.283037873310659,0.690801443912093,-0.836287857926814,-0.596792987268798,0.478827578703595,-0.173907582043613,-0.13136094627356,-0.604444373031351,0.760441949560162,0.0770152837367661,-0.220357219272437,1.78225037342185,-0.606348753181025,2.54320060178885,0.576294391486664,-0.50251713526209,-0.0109623937312331,-0.367774770743104,0.834984944500161,-1.69861713593924,4.38560530472389,-0.228428834843552,-1.35469332912658,-5.34907106650242,0.567687703776285,0.797728393307029,0.401664122106127,0.227963593398234,0.131883763475514,-2.08582987621928,2.10353862498565,-0.406509630262123,-9.7684064056644,-0.334467738925795,-6.54762748761696,-4.80151530017093,-5.68111436988454,5.28767946544533,-6.23985989154353,-5.11277638800952,6.07517728351467,-4.49171226685597,-3.83732752719009,2.52803208002481,-6.20886671792678,-3.25787911272382,-2.67749854593431,3.09435299249445,-3.11355008265151,3.12345981262561,-2.89970334597449,-2.64892387774457,1.82464019040166,-1.90386595422458,3.37045648206081,-4.24549526299968,-10.7258972614442,1.88598775700269,-4.28909314990718,12.2877992818037,-7.07266899358387
-1.57105866051275,3.16120959489394,-0.490456371747205,-0.795463856596768,-0.0223342967736515,-1.79997932125933,-0.878485038413569,-0.0953842178312305,0.823111096124038,0.413502216947823,-0.461701324884547,1.33612489702723,-0.942870376006191,-2.26666925597071,-5.00654477000852,3.82945037165485,0.650393828510933,0.140515953566441,-0.336394746725708,1.22976772663898,-1.38527481843228,4.43135701520448,-1.32328533320493,0.870559196111041,-0.17760444571045,-0.35401523185635,0.644386241813248,-0.612714564679848,-1.28004725448687,-0.652727544254555,-1.17885900101985,-1.63495812143359,2.40421505361783,-0.655564132308668,-1.83504831155152,-1.07355894965711,-2.55459200049807,-1.61036111652074,4.47037605262371,2.41696207015925,-3.46863137868959,0.50748071254314,-3.31426286498809,3.33632516609722,0.196744760793738,3.33025734127861,-2.35536062316733,2.82570174833959,3.6095491598323,-2.06633504166865,1.71300002203266,2.32359165255648,0.00177144381404748,0.434320419448,1.27172280566617,1.64549494570506,-0.76283941740293,0.70269170684062,-2.35875691448576,3.86743892274908,2.32022917654881,-2.79928309228057,2.78969655060398,0.787076658765866,1.19647001464882,2.44657701236943,0.308034080831681,0.0201268773601443,-2.94716596259077,4.44350525374511
-0.031838889133552,-0.202836416073626,-0.293583664799243,2.22844944860622,1.33116322638489,2.4292525587599,0.516535175974085,-0.0685117057120023,0.0454262730230234,0.18179846471316,-1.03014425024904,0.457981272146488,0.455187302848093,-1.03525677405648,-0.873465842001619,0.985780141947344,-0.967312287638164,-1.1474903902395,1.29510350882694,-0.407288468270872,-0.489253240496317,-1.85839033175668,1.07177463159596,-1.00959643386211,0.209096077035235,-0.215894332172831,1.46360920322396,0.731456202435263,-1.102354779047,1.25901912212721,-1.64714110001394,-0.833160069916505,-0.664589147816844,-1.53837119354172,1.95212219313891,0.655541815783224,-0.854930233642953,2.44163937329101,-1.67205553529488,-2.3675258094111,0.314527415784587,0.905899116774203,0.0542262454954734,0.662579589392174,0.783913094429967,0.147122886502112,-1.1323302639321,0.187221662303371,0.914079858229608,-1.23231557011809,1.73018203391133,0.322862315743213,0.0931200236345571,0.453143359907706,0.620245530850084,-1.10829681005664,0.695637828380595,0.715209654577655,1.35084135880234,0.52294018983674,0.248426968141211,-1.11049019144539,0.891867869701576,0.28854523614222,4.64854430151082,-0.570882504494653,0.303796378964792,2.22704416367762,1.21999364024609,-0.629267509064165
-0.246246147079667,-0.212909069031915,0.117824533426986,0.140669612480672,-0.54409675781838,0.699836263935778,-0.452428321303143,-0.567271228852315,0.840812335100307,-1.38446928149758,-0.977920873047456,0.147792691430092,0.822335305437685,0.303987612335825,-0.463180341281834,-1.70194017201374,-0.613897425365958,-3.07945992028791,1.35016868066483,-0.146043641080934,0.584927542860754,-2.45903123408708,0.188295557097273,-0.804665853550872,0.392227123061529,-0.137842307611236,0.670594659098074,-0.777024390473891,-0.969052205691105,-1.52225614472371,0.703257153420864,0.401312817152001,-1.35638018232712,-3.59764387360898,3.79336070128643,3.4204026288512,1.17294113110088,2.52656917845776,-2.44631300709663,-4.95352650469353,5.64158586250095,-1.47582223810558,1.26834658757701,-1.10694971553526,0.632142214616171,-0.598057489093739,1.78040985957023,-1.32559896011751,-0.757153077598823,1.81316315025223,-1.41998017767341,0.329041107879948,1.56365230487932,-0.392507516693218,-0.476329939863988,0.212382256110707,0.882358241575291,-0.375328337317078,-0.155740590956019,-1.45063202869103,-1.1011729665819,0.506600843958097,-1.54319193044684,1.58894305295744,6.13529308847502,0.962959064490709,-0.239866862276759,4.71879455863469,-0.628479793533081,-0.15685955168197
2.73067821072111,-0.76106135950062,-0.192096594573457,0.241855800455516,-1.03293939747645,0.127939013036929,0.610238345229784,4.30087614669485,0.488924219081166,0.164137042285362,3.13219758592677,-1.91219574965731,1.44254598835067,1.09241948432822,2.38131134782725,-0.677492397734175,-0.055334945767927,-1.58603730498263,-0.349569169175887,-6.28272694018353,-0.443197143286604,-0.105808477326703,2.09520297621197,-4.37776904376915,-4.87333472448616,-3.78810418979595,-3.08414074768152,-1.77011980629642,0.170820745758207,-0.199457899044807,-0.39079741802116,0.659322027700176,-1.27131565426569,-2.59247228501177,1.82655765689446,1.0062700912194,-0.0253436893103528,5.05949958323444,3.76976420413066,0.623838824450225,-0.20722985106068,1.59895998504512,-1.58981241580556,-0.381024522121496,5.38654154724667,-0.227294505769724,1.45294798055278,-1.87055456597302,0.514469142214262,0.549297661933249,-1.39105180779698,-1.32227477806034,1.66743628459673,-0.919020682616368,4.98428207335971,3.96289663946891,-2.99619542402019,4.22987946823151,6.38744447090901,-5.85429087593591,-2.44187659575803,3.49393368126921,-4.65175964648879,-2.0271596783762,0.885830408748232,0.752141987463926,6.11358928448247,0.814185370898042,-4.70350898691904,0.924464283814947
-0.506672744986997,0.0119736444283217,-0.792250988061298,0.467372561497295,0.699419591291267,-1.58707664866431,1.60187634402992,-0.581003587639242,-0.837166446468224,0.401730543794266,-0.132312928842555,1.48624281465796,-0.207020186399299,-0.888867681083227,-0.608781583248252,1.41923366849992,-2.66474969540233,-2.71582692121982,-1.91450204647339,-1.35422147366019,-1.25980397771636,0.300003841012515,0.695281009870845,-0.758988237457462,-1.77091772652231,-0.542635372589861,-2.12881365467207,-0.713676707981724,-1.79102161199569,-0.933368162222137,-1.31985274678386,-0.931561103679173,-0.241106719573543,-3.05881276244373,-0.189496395331523,0.673182845958243,-0.0313925905262692,1.45728764137586,0.655011358681675,0.618445764187667,-0.951482842750928,2.12965813061131,-0.743084800841909,1.22957477359073,3.65234506846971,0.478086267803126,-1.89646143842976,1.59667836559623,0.525774110262752,-3.21436835236644,1.95046771324982,0.980655077187596,-1.51131340696015,0.630539745078925,0.367949527303399,-3.70782924314081,-0.971564397138766,0.647860975609174,-0.329392741063042,-0.595651688095299,-0.564706719079585,0.887708134198851,-0.256617798982862,-1.05907352202911,4.31144313886871,6.8601930425503,1.4450787451286,2.32178219762292,-8.16116223533857,3.44746927585058
1.19960399156916,0.384071560285729,-1.92601068488942,-1.38089165899031,-0.730983297929891,0.0582606090665198,1.251607048098,0.792403463623341,0.406287598079601,-0.324118874553468,0.531195449297841,-0.618443500446635,0.718290594827403,0.959216502269582,-1.50848090574531,0.22475489768718,0.791467985927873,-0.659543984943683,-1.64739440174281,0.616626984104045,-0.27477376885664,0.86546330691152,-0.0917230943540113,0.551216298263841,0.527598021197975,-1.97627168297601,0.758329860899066,-0.475358475272089,6.10112248167784,4.13592006679654,-0.432232348261138,0.219441411503037,0.822167360522046,0.713125534602938,-0.788619290687897,-1.3170003173094,-0.514112984268255,0.40521100602058,0.813011899805425,0.644818319410631,-1.87021317728064,0.884411498019236,0.955400950414338,1.49659406396049,-0.23674508943695,1.71434341901227,-1.65788866846921,1.11116404278842,2.07368740588579,-0.795635594208684,1.12637389053934,2.90530952963645,-0.107845339679037,1.74798566835659,1.081504772931,-1.20568221482323,-1.42357600006062,1.55206499359299,-1.9974900001439,1.70297575819278,0.87874072800882,-3.07377771358363,1.42370689422926,-0.38483957976042,-0.694719603405571,2.84399445689089,1.70958994921407,-0.245682663938359,-2.3452785699537,4.44886774096431
0.04999149453755,-0.743707762150448,-0.946449271584736,-0.0532128831012331,0.108467428860482,-0.123593830816677,-0.627803027294464,0.404026832822375,0.976268417687876,0.0162886251917658,0.0636856080390248,-0.31727057806839,0.0640139365461347,0.475280868029358,1.11132749841848,-0.870168256838196,3.50311825231498,-0.196853987369826,-0.0555009983022964,0.438353662956983,-0.252380593188418,2.08054866723912,-0.814112422118233,-0.292177270709224,-0.134118505050574,0.138315276037765,0.600991388679078,-0.80900339366744,-0.270029783329686,4.09635296565059,0.11696438832538,0.650480540044433,0.427947729543281,-1.69659683379804,0.120442550652098,-1.5865415975375,-1.05507167201687,-1.79969917659087,3.02699173449569,0.0572233428927021,-0.432054359298166,-0.629356712512696,-2.21269054110951,1.20931716080042,-0.468451541130475,0.702738214826149,-1.55460057748397,1.63127043504093,-0.705717222170282,-0.347345757637218,-0.222410792580348,-0.778345274201722,-0.672835026498082,1.01941839302238,1.19821238668988,0.711793600214753,-0.351678179346795,0.0775084563921492,-1.09256259452008,0.468103199916191,1.39775812609887,-3.3330088059536,0.371282958576429,0.911381018306034,-0.0903468695515886,2.0394279291671,-0.754879033442112,-0.829964898027877,-1.02477062579301,4.85911045280297
-0.975854326073921,-0.019152334328705,-1.46136311420172,-0.90745143566204,-0.426437372376873,-0.755677100492982,0.48660260942393,-0.258186790958898,0.482211683838372,2.60088564789666,-1.11801210247427,0.584856937625416,0.450580221013055,0.507359621873418,-0.0884113231383445,1.9995528987683,-1.33135409364037,0.789504290797245,-2.19828624780287,0.2031109977562,-2.02972559486585,-0.876077322160608,0.892225608074772,1.02880252579515,-0.597391142824387,0.654631892144871,0.174473648649991,-1.31917120633418,-0.00357297439476878,0.349594254064303,-0.674964584112964,-1.61667781639853,0.526508158335097,1.57846082623244,-2.99363759064688,-1.97986691461351,-0.46902272707717,1.82574958796876,3.05022349765139,3.35534905543565,-1.49339372870393,3.18652245771892,0.0894856270697514,2.52743996933671,2.45274418847127,4.23332045654859,-2.02046416442259,2.67714833688849,4.80260384491841,-1.99008767040731,2.74213974314263,3.39731653703606,-0.969102805141213,2.69540428241735,1.00733358193948,-5.07898006550411,-0.465004515367234,1.42246200420288,-1.72135796299943,1.95013272741417,0.615441753130142,-1.260954084614,1.31710378858322,-5.00059876957341,1.73388544711766,2.90924105049836,-1.48710573079079,3.299917758269,-3.12894065137149,1.03873319190173
0.17733268977286,0.878687790800138,0.376116600176505,3.86323429224527,-0.638141773095714,-0.797588877652868,0.823564358341623,-0.265077214968705,0.00146683791516712,0.668185342279703,0.0194320606847895,-1.18800073919703,0.287575192502428,0.3821855596821,-0.789491235573473,1.86263295673923,0.180185547793267,0.423726191033836,-0.680411341394161,-1.16714423682685,0.776354848038526,0.649049063822904,-1.37520445212619,-2.79697708117498,0.974844851083605,-0.586212062174121,0.119649152724727,-1.04431872511842,-2.39528029150988,-3.07390795390922,-2.45619282944415,-1.44019950934248,-3.65453844820032,-0.27007986762306,-1.70788586587249,0.012999515671053,0.206939197845537,-0.743091711483012,1.99091508466979,0.24567535582674,-0.689104518145329,-0.967724821873104,-0.00196888015741226,-1.53698608718948,0.728876051062663,-1.93871367609371,-0.107977112497192,-1.0169861491847,-4.06213881344745,2.13069609213825,-0.38766179970153,-0.714455774246221,1.84492656475614,-0.233474294270821,-0.352216236253338,-0.207417827959538,-0.910649575605266,-1.17078624073072,0.971034968649352,-1.90160295050705,-0.64234210376579,0.763914531179927,-0.276013536905326,3.47202673474586,-1.70026858857379,-3.52686759027003,-0.194942533779658,-1.36819920217207,3.12079464891761,-2.6251446946802
0.71624478652782,0.3770766434562,0.0364524995922355,0.76155864886261,-1.22001477663851,6.56737453593522,0.81476720139101,0.528859497093438,-0.146873457503658,-1.0211907409598,1.1051088461847,-1.31590245058819,-0.733115779832763,1.03988994963342,1.31356767197856,-0.524581101850298,1.40140246665229,-0.231773980611362,3.64590256958542,0.0136760904903269,-0.680391648578637,-3.83121278793854,1.00383418958624,0.57443177803455,0.853135303708183,-0.224407316571866,-0.489202357039872,0.57568635753071,-0.0991179393638213,1.17059882485656,1.7970956324128,0.0304536204547694,0.0009648865345631,-4.05345392114326,2.88918896796142,2.2662405747833,4.43054449047893,2.7953704396629,-4.11236923039266,-5.42708535832985,3.58463759361736,0.116631616046803,1.92437232042426,-2.91180267151073,-1.79626368915024,-1.99474886592938,2.8633944683742,-1.24012990482208,-3.14526582540302,1.5772274568641,-1.34413970710145,-1.29472897318194,2.56788356514327,-3.28254808695652,-1.58025688821995,-1.39662093262521,0.95588339301115,-1.13375153690633,1.18711338649493,-2.4807338369475,-1.56627308648166,1.5335518499133,-1.98390279621781,0.960441946401299,5.08738663283292,-5.11183121046493,-5.18108043268236,2.48167734337685,5.8205607515308,-5.34444948482837
-0.967565544183939,-1.03022128887387,0.829869095035919,0.286194012673796,0.206298664899609,-0.266399174693605,-0.294561914493665,-0.842056814392903,-0.547598492635339,0.862693348271439,-1.12262153561748,0.438954944444516,-0.565593752157444,-1.63485433355965,0.777508038859409,-0.0761226858585033,1.24527740019664,-0.618201957343376,0.898305042871286,0.667421469005346,-0.907802497209721,-0.305797882303081,-2.06322803178604,0.790032375201146,-4.53755412654878,0.390932241454522,1.40892172158114,1.19375801527352,0.707195946459006,2.12810432225862,-0.811042238572466,-3.55986300158955,1.18597230654649,-1.71057511766931,0.667559786412746,1.86310201804217,0.170425873390728,0.488671090364241,2.25498788146934,-3.61579211274299,3.65997361423641,0.546463994849621,1.47797069413858,-0.447898513131104,-2.48234072239551,-0.714325754006387,-0.43025157698564,0.0361111305240915,0.733103316917696,0.805717233755668,-0.85647444844746,-1.58892823787274,1.04365763446044,-0.202845931222959,-0.411171580638342,-0.941582901194518,0.0653071175765473,0.283279478756803,-0.657522344827973,-0.653316908763321,-0.238954716091934,-0.320445028604045,-1.34280143506382,0.696229505755739,0.899067262280863,2.44283513346341,-1.93345127332824,0.124432497266023,-0.533198806917238,-0.164930406361161
-0.30665801693862,0.137760214794104,-6.06854332341763,0.021214324937275,-0.73836944833612,-0.33832308360515,0.00605217741225671,-0.273756623837204,0.0788860629934743,0.809505075181913,-1.41528002239866,0.655870416618031,0.610987616388721,-0.0235743738554601,-3.79235935564099,5.07152856846836,1.20625669743036,0.350973195911251,0.659347175780225,-0.484104208240579,-0.548495793488315,1.2331323779532,-0.751242783775755,1.00427755365961,-0.550134710592788,0.713788498950766,-0.71383528312048,-2.79186718674766,-1.13002457938469,-0.707170143702238,-0.885968951735081,0.639097096419522,-0.85457573087221,-0.696880747327204,0.252348377176198,-0.374661569624942,-1.61076811585849,0.617357328864055,3.58557859736786,-0.00246020185040102,-1.06098802769969,-0.439491237489669,-1.18207767702869,-3.92705365269164,-2.41756533319594,-3.02279303630613,3.60995733833492,-3.77641069246602,-1.89968193444007,3.60146855022706,-5.94684272465132,-2.93972899868659,3.04983527970735,-4.18547941422243,-1.34634855806052,-0.972566948997007,6.5205384686171,-0.593829335485139,2.74143793650753,-3.08150443016351,-1.89616056643586,2.23728839886433,-3.05518650597062,2.87694502716849,-4.31472529687642,-2.83911178411436,-2.79528449466605,-3.54386537899899,5.34469542014456,-5.18308760594271
0.370652717395953,0.778280809301304,0.968350855354896,-0.571305590843353,-0.814454252915256,-0.482473119058147,-0.591505069371849,-0.256912378193632,-0.0217618974489593,-0.109580083093224,-0.345489845065542,0.316035096163957,0.125334936463195,0.581654682904206,1.42276744255887,-0.232531443908913,-0.221136043716821,-0.468009540698476,0.282883983240668,1.25531679406779,-2.18441855295826,-0.846821085760715,-0.394876111580062,-0.630194578056933,3.90252996954513,0.498429849950761,0.393576553442488,0.964572458040796,-1.40339873478013,-0.81635429744198,-1.44203668219959,-1.37010233332513,2.16718734322843,-1.41415795810545,0.103820397497352,-0.848560238311975,1.11013763110274,-0.0169818453265684,0.1913233371949,-1.51456720431164,-0.10383040842303,1.11657505734652,0.234755907462935,-0.706876279561066,-1.50913713226058,-1.45913577151331,0.697441956736165,0.205361304500393,-2.45166191320325,2.24608434630169,-1.18335201715714,-1.26682824587474,1.33666714915498,-0.317407983303727,-1.21532710446718,-2.49643474642558,1.60271244893265,1.07612008973986,-0.059115510489821,-1.82058900993667,-1.41335902803756,0.863523512431502,-0.490774613919124,-0.93940547609447,1.43776347000432,-0.465007920442043,-5.26708768473064,2.85604674962695,1.63481231071703,-0.161973216869482
-1.10581771521629,0.0310647849569126,0.791586554138157,-1.12360082984273,6.275045100496,2.19866029706883,0.93709771227044,0.832474485816614,-0.0854233313754137,-0.717118807387805,0.0402920084767392,1.25021639349171,-0.197186630533304,-2.1700092958974,-0.541001424628722,0.133620780910301,-5.0088945349229,-0.84436321309776,0.65868439324951,-0.283861703996841,0.36802597064803,-3.13437238395898,0.410573217081386,-1.16520718288111,-0.255356235367957,-1.45488436687474,0.804254517006447,0.000300558067235279,1.95401573092493,0.446576350548098,1.75722965676552,3.68767311120963,1.71828698950877,-1.01533209151661,0.980558092773832,2.49646142129035,1.74059232910146,2.04872970399921,-3.55234310823791,-3.03929097926464,1.79454971345379,0.526275247525647,1.96982366795432,-0.971827032455608,-1.40753657317621,-1.73811298135297,1.55649003024001,-2.03335200525644,-0.605360159452237,1.42161731840478,-0.425606634993618,-1.22221230651639,0.679878825920616,-1.17021462324603,-0.578347572317987,4.15882274013868,0.386956832966044,-0.179322405055902,0.315739574326765,1.34742492352978,1.12176621521259,-2.11091941265796,1.77045486818346,-1.01931879877053,-2.96607032595394,-4.61568424959718,-0.11972919849838,1.39462750572706,4.78633227133975,1.38959781802826
-0.0295659371393569,1.93794556146601,0.433257455300144,-0.322790320151125,-2.26613657632297,2.51049344280369,1.42351126553519,-3.36589460194909,-0.742692947339948,0.0134831322416686,-0.151954982132843,-0.048511166088024,-2.29586686183531,0.940637998658747,-0.721614062197023,-0.363146830517017,1.04359353099415,1.77443437934485,0.954305569676932,0.87138421702979,1.21283730161774,0.373635483474246,-2.83686247370951,-0.508966666350217,1.39241390335652,0.68595821994745,0.445608094433611,0.590624890015366,0.681710217927801,0.673377671054717,0.746656729401525,1.67325334196528,-2.56251121810772,1.81169757936559,0.216220838786679,-4.6560902665487,-1.24336593346824,-1.49817044179994,0.563268461667582,-1.08490534492387,0.453052464750255,0.564187226853058,0.973513471681829,1.04258976653448,-0.336659809082923,1.79140013338579,-1.14663581425272,-0.851631436864544,1.6616950083237,-0.818613994452938,2.10788736689835,2.44443893351084,-1.72510114616361,1.39801766552193,-0.832153761229575,0.847180074296049,0.0937246483125259,0.0054629986748872,-2.01056879903928,1.94850512039644,2.10982837429699,-1.99286820042243,1.67934947584081,0.629903729721486,-2.31117532024004,-2.22417502373647,0.0195700196685098,-1.05280500375013,3.46505079469011,-1.77796724638893
-1.10702976115037,-3.19406002248391,1.61005338394774,2.50887354103097,-0.496111963932591,-3.26008789276549,0.745416590179081,-0.11935403300191,-0.0720259408980707,-0.0245621042711461,-0.743249855936365,0.300157849945163,-1.12023119490902,-3.42033803026995,1.36193010387679,-1.76085698738076,-0.909684584141276,-2.40493187210597,-3.5841676315331,-0.0536697943180905,1.94958860663722,1.84781703300972,-1.24160923975031,-0.72733427350934,-2.02042964579022,-0.227590052098894,0.0812448644363794,0.0697693291209537,0.846327349775607,3.70514687645204,-0.501238481127109,0.967230944540521,-3.08358920135061,2.93217906588961,-0.176857926522872,1.1221087151105,0.0573676667388499,-3.5406239712532,3.92759151340365,1.35054471699396,-2.66175067981789,-4.22654654410756,0.453255471111261,-1.31151003541889,-1.46521452717718,-0.0436045351257355,0.496760658323861,-1.3955891705504,-1.31244644869078,-0.252148030173484,-3.58696966775337,3.26403608029135,0.665680948328925,1.79407067072381,-0.670449668744011,0.351065344870225,1.27490042732506,-0.988966223338568,-0.37660728176954,0.728022728036625,-0.48886436211929,-0.537095232728701,1.38567439599859,2.18089127500181,-3.71238869933801,3.45231951363103,5.83462575096766,-1.78812867626365,-0.935581926468524,4.20835353271209
-0.931424450704141,0.368764002583962,-1.2085479699984,-1.0707855367117,-0.323627737619663,1.14027868772003,0.773594044216213,3.68119072983455,0.700108992457362,0.761581570846791,0.230612491587699,0.000141964068898548,-1.09983489702005,-0.274673257191213,-1.04442818911911,2.08967819402981,0.257762489252741,-1.22970786013629,0.0644778462324466,-2.23801437376215,-1.6919470384118,-1.18033953655456,6.1803251237345,-2.37645649066238,-2.65961024585178,-0.91536136785209,-0.719574237415132,-3.61354696812461,0.351804497009817,-1.35159117486053,-0.570985419106694,-0.303091688477416,2.69043481334349,-3.37112296364121,0.0767482924075145,1.61120248373889,1.66882674035933,3.73335895940602,-3.77057936555962,4.01564117517271,-2.54602022371418,0.372095373763255,-2.86020699781841,-0.480778241397416,2.2452244063895,0.0299354589248373,0.0339961958111122,1.05585537496093,0.87252619745781,-0.00318883319423541,1.30800518127174,-1.80827103320215,-0.89202916190309,-0.258530615179306,1.52844790177253,1.09216899163569,2.52989269512307,1.24391394699361,3.18694631479554,-0.0853547747616954,0.676884212084936,-1.10525711710065,-0.117472351570851,-1.47093776050687,3.24343707943337,-4.53609631685605,3.52432357810667,1.41747962895972,0.00358355780956421,1.10393898879456
-0.416934317857694,1.4810042115859,-0.283433616122408,0.00445080297608932,-1.07583689027907,-1.91171677893777,-1.15944315781381,1.37155182665096,0.105398029735787,0.846842740757919,-0.619528391472434,0.835551730891986,0.347401184692143,0.600218613520503,-0.637021852284107,3.58220312659773,1.18943523422063,2.54190083768849,-1.26708721019406,-3.42957519229488,1.29287505354692,2.00134924883464,2.73389968706306,-2.68711870984806,-2.88630550092754,-1.84660123172258,-2.94847622923399,-0.316102254291994,0.999159164950182,1.25114144495048,0.684980091955206,3.78952353543845,-1.51194362320105,2.86316031143981,-2.73751727457365,-0.0211018722537082,-1.31024364552137,-1.51052246081882,1.96187286364482,7.53145059323172,-2.88603891182885,-1.42895652563444,-4.36906120568277,0.448766518703601,4.40158577494389,-0.403486718197069,-1.67340043644414,-0.350608576234648,1.51443608711132,0.460036470016505,-0.416088835251707,2.32353226899365,-1.42754578192384,-0.987795403359892,3.86927873824323,1.21473477302055,-2.2600130983125,3.2875716839654,2.94996781131533,-0.856599456142088,-0.548779543698839,1.55611067421757,-1.01231667497209,-1.42068674480467,-2.89357026234047,-4.29777428480378,4.7741938477066,-3.18082567347372,-4.63497506253215,-0.329386772511995
-0.0295758118731316,-0.12574244246079,-0.37158296637157,0.197215134471541,0.572942934346895,-1.73402028579166,0.762886263349431,5.4814759242672,-0.117471459607114,-0.20637603663316,0.288714001432689,-0.477222470124264,1.21759073424791,-1.72967604876681,-1.46538130420446,2.31172794272786,-7.70150007003324,2.45527191167725,-3.04662656107994,-2.97400669286922,0.227108226348104,-3.25655325869271,4.93248111474186,-2.60195139000065,-3.08311210094307,-2.00105171237996,-2.51149481753932,1.5179469326143,0.868257253422,0.779498410041317,0.511168618456983,-1.02277662172268,0.00286579691394079,5.69880084613283,-4.63267254416695,-4.52079877389719,1.04728467623158,4.31715575440095,-5.80228008486457,7.19264798812818,-3.66254907345921,0.953416245309596,-0.162677044565058,-0.465213134806324,1.36038670977135,-1.35764420985652,0.123042730084801,-1.82541896905218,-0.545711311170417,1.08919861262298,0.665935911291121,-0.0732711725459989,0.275485794776119,-1.01052635066687,2.16444348755697,2.01987504458613,-2.02161201960629,1.01233613167648,5.14333160428305,-0.464320458175961,-0.304878037346287,-0.115022404227709,-0.494058167303408,-6.21995502734993,-7.05770381814568,-1.49360250110919,4.90912172062249,-0.981908194463281,1.29640130056526,-0.299648357497079
0.747999015084936,0.847078811487956,0.0404024436624289,-0.372197505416738,0.0148860141308439,2.3001969853608,0.681415875517654,-3.34719044939847,0.883252796295875,0.84291832380076,1.6502553880516,-0.467561100744287,1.24467765822512,1.78697353893505,1.03197283900326,-0.894708229803526,-1.47277599229556,-0.65438710546188,1.1595243722002,1.74371069045466,-0.410763874005777,2.67482962187813,-4.20447485399256,2.4671722570575,1.71954277264998,1.07077807685048,0.401261529340639,-1.29987252179746,-1.16262115603637,-1.11564383794447,-0.148376879304334,-0.671008877252883,1.10094828119328,-1.9594467716918,5.65170991375314,-1.6122653682475,-1.60548337202172,-2.65214550137669,3.18136814981163,-2.14688473071793,0.895136015356076,-0.920404292189283,0.213970798970617,0.0241728783527,-1.24027460719624,0.0896552042854568,0.493602213811957,-1.05979784326226,0.107400077801559,1.23074891023771,2.05507249292662,-0.341148198444361,-0.0931793157762415,-0.80409365762663,-5.07524017332087,-2.4271955222357,2.42968019172464,-4.0259459622,-0.99633909646124,-2.98712450976083,-1.52971251049214,1.54207632872934,-3.07966873645232,3.28587411949037,3.14496436914831,0.738238840966013,-3.38601472767651,-1.2683741947852,0.807085725430234,1.68559247155093
-0.621120884647847,0.478959854147561,-0.576366872690291,-2.09488147268518,-2.93279228318993,-0.283615456160969,0.0263039739264962,-0.499844169438324,-0.115349843459151,-0.292767401710888,-1.40716836167929,1.41865284102456,-0.947708559583964,-0.507457348640244,-0.0358832465759498,1.75921946025393,1.14988553063193,0.757131753154188,0.506649010426846,0.890602699994579,-3.74116598985121,2.53150297769017,-1.99777203399031,-0.109915742519251,-3.11570132279592,0.688621144188742,0.205747076759632,-0.169218141372613,-2.02304680267132,-2.4794260263495,-1.2798277080413,-1.28061724074903,4.0285505636536,-2.33500002758778,-1.83860953416822,0.250644790224882,-0.968039007491328,0.627973950073662,6.71173931934039,2.06993635215882,-2.25019524296465,2.43565439771417,-0.927966674902815,2.98354858949534,2.00757575290652,1.35429110459474,-1.61986470711603,2.63667763693246,2.08798195951615,-1.81641794794449,3.41565001254205,2.71213925685353,-0.471018548293243,3.23140823330128,0.765500576294986,1.23458269203268,2.2532979234568,0.929354196387079,0.583295784931755,-1.10993037769651,-0.253565156137937,2.90990937566837,-1.71208562699155,-1.90635076245633,0.552164099023638,3.59178748141305,-3.61590469048282,1.47097548549378,-4.51413036758287,2.94489978371145
0.071258802059085,-0.00428011168409953,2.17946690189498,0.200954899994242,2.49844767313578,-0.913620937141487,-0.329772126263137,-0.476704377139159,-0.816930584757885,0.817756243375212,0.387825492677401,2.14310746151443,-0.101975502484807,-0.0900320373926473,3.32396004063442,-2.96995473263474,-3.31156248618689,-0.0312007978811062,-0.00139845883687867,0.519146015446073,-1.54001177295241,-1.95969820179342,1.10355788686347,0.855019116998664,0.618074100876305,0.745318733502982,2.14516800914703,-4.41081700005582,-2.03290753185264,-0.621091639627901,-1.41144297345674,-2.17194405000551,-0.279648063064631,-3.68469448207511,-1.54623581226602,0.773227566468471,0.617197648147781,2.8086461728979,-1.32392552803405,-0.647277546345863,0.759951655093823,1.13101755473923,1.04631780192471,-0.993614566579345,-2.01254759366154,-1.2653112377,0.731365273031924,-1.06406525557285,-0.817735395575349,0.17856170221052,0.199201356941074,1.21917948383262,-0.0788865611665017,1.95112209149314,-0.990932827988392,-2.33439343453696,1.02879584486291,-0.660687801722991,0.88747190569394,-1.5753135819929,-1.09102076188908,0.476957832655061,-2.62360860779117,-1.83619177155495,-0.339324323329752,-1.30405080577218,-1.58455063147995,3.40991942302423,2.08048902415292,1.6788826203236
0.100601175729355,0.650341410646306,-1.90494008948755,0.442103088164121,-1.02326100847231,0.458517748590558,-0.506817684107846,-1.35717645920547,0.784509878548698,2.03062486009973,0.794687309124297,-0.707170405851047,0.87548731147553,-0.413538387297787,-2.30796598049773,3.21001026509181,1.56690793655795,-1.08768489944812,1.77623752409058,0.865492038764513,-2.10307368523999,1.82684722566424,-2.46986830477815,0.324083553707655,-0.0280251686127281,0.117779488019439,-0.249766655748876,-1.89125261454876,-2.05997311194107,-2.16432639660719,-1.49504192759412,-0.388687177066582,2.9059177502765,-4.64425683251024,1.75172655862906,1.75198048515318,-0.725449885599033,-0.623002167752495,4.42707802023855,-2.17871580996726,1.35054565768822,1.48009940510836,-0.0882704301314877,0.821741118988422,-0.0587490175526868,0.544749589631257,-0.49198101930124,-0.101920312618529,0.657391360922648,0.287017634121365,1.64425842007032,2.54015906479899,0.66720674780257,1.66147430426328,-0.747902066298664,-1.24627441898154,0.424501838693968,-0.0637881615375666,-0.853426191759206,-0.25576352151713,0.50762245691483,1.14248804848095,-1.60837081952368,0.545307436899206,1.67644959557277,1.72015729493682,-3.09000667454499,1.70151194026038,-0.516233079521348,-0.192517314622098
-1.64015832919397,0.133611987204157,-1.35998583722708,1.11211156792084,1.44766564520289,-0.0907812794966677,-0.876248280072404,-0.932861974767095,-0.488590431765789,-0.505189964591922,-0.773110774655851,1.01088942517918,-0.653665933591999,-1.30678917492721,-2.01169849233554,1.85443430734898,-1.70652532938969,0.248193308600833,0.484019450029458,0.0708267649085007,0.766646320084857,-0.283907466102055,-0.327106985209696,1.23289766026051,0.571645365113501,0.926362946885384,-1.24933628931205,-1.09306651556072,-0.0505622138213011,0.0348687349665248,0.853559325657997,-1.6373281312593,-0.464027096208468,4.58397496713539,1.24336365068497,-0.612964062420441,1.46805783364132,-1.09102940510922,-0.63496104073341,-0.861081795787414,5.65640184044337,-1.18029893358115,0.179165879976302,-1.68368945685443,-1.07048510283109,-2.20715898307625,1.22508395601191,-2.19253616202906,-1.23588760421922,1.90317340579207,-1.05378852581535,-2.0631152051911,1.8016033897405,-1.85813901809755,-1.17729089621264,-0.442029992670565,0.314602045546632,0.229096726023669,0.672653319254173,0.913477796269786,0.119671242315636,-0.464380232742835,0.888942588623985,1.41576153249187,-2.0863884151085,0.423827616309999,-0.520225345478111,-1.65210844809689,0.949833612762155,-0.701880998054817
1.02995903347023,0.605471922120474,0.36032565573046,-2.40964620929715,0.437021621289065,0.00435941847074115,1.01866498983994,1.09024846703644,-1.25666617681017,3.32470990967508,-0.193239282340232,-0.415857738000046,0.459401841588616,0.391203165375931,0.0700024831163244,1.04105542496115,-1.71285674299653,-0.1170288182053,-0.813110136221784,-2.46835686169007,-2.92320915608849,-0.92190266612582,3.19809254225162,-2.4524328526104,-3.41629874861537,-2.79873145374092,-2.03352414141031,-3.5773096394709,-1.26445061437035,-3.29654520878026,-0.134064720379426,-0.633877496334038,3.78466838258418,-2.60362652580886,-0.127681348057962,0.000553970259912218,-0.0986803047392297,4.48968780309079,1.7558726707337,2.45184457714215,-1.36858314215511,1.2556137676568,-2.51704452919522,0.266600699131485,1.32109176954844,-0.157747343162742,0.223365799407299,0.233635555903638,1.49669454158621,-0.206124158419298,1.89450019309701,-0.619881238518699,1.45932299912785,-0.811061511983904,2.21617641893604,0.467810722733303,-3.9621118017048,2.82163427331737,1.82949788827695,-2.735781680731,-2.28484712459224,1.43546206008096,-1.24598947009454,-3.87273569321663,2.0354697583586,0.818389663509412,2.76786967001042,3.56510006170587,-1.69818062400281,0.986532661676026
0.222357396538706,-0.981157105549585,-0.254438515906833,-0.612082895642734,-0.591811051640938,-1.33580634525415,-1.1699721955699,-0.807513964366522,-0.585341292566653,0.829311825169799,-0.350925250577397,-0.132556387311164,-0.482117561698937,0.783913450636272,1.26449874458873,-0.0149555022566732,0.983416951793741,1.18590779439137,0.283605023257456,-0.263760779497273,-3.12937425112428,1.63350638755741,-0.610873628270732,-0.851418447873847,-3.87815480233974,-0.908882385104766,-0.280231713070429,-2.89606667490651,-2.87024317301062,0.0807402576271019,-1.24058651115204,-3.05293626360043,4.33746199298686,-1.1422206885311,-1.23738508931576,0.817367107399557,-2.63254886268108,2.2293088123887,4.85875441887715,2.53033210808036,-0.0779764945888337,-1.39995445629096,-1.42523155327996,-3.06878349979232,-1.87873456421408,-4.22165067465745,3.3921012574899,-1.45431251832574,-1.94376413307758,1.8239347274772,-0.67864928959174,-4.75798309859982,2.53780974617695,-2.29863852286295,-0.977237106719865,0.0746190124264644,0.23822366233945,-0.356319535907034,5.17796857480307,-5.04019475908586,-3.93486279509359,3.52957250620734,-4.87281411878757,0.875448326695263,-3.55101421231141,0.842914373942633,-2.38397002148892,-2.22650902496167,2.05346749670297,-2.38334506857686
-0.492993006910581,-0.0508861006426219,-1.62244782423611,0.841209204340174,0.969912382425765,0.74661728328887,0.756750211539629,-0.476845142849825,-0.332355596312311,1.38811543907737,1.90088301576795,0.262087472527058,-0.210594569855347,0.992164441601626,-1.20759226087701,0.625584767672718,-0.269668774350323,0.109630963021431,-0.560764820439652,-0.084764352464094,1.1748381202326,0.820756252229876,0.161381451208725,1.47274996456065,0.29413195686002,-0.0504664744608626,2.09204842878528,0.0169979578158913,0.35031795430405,1.4667286505,-0.501807876070696,0.43981211445079,-2.04836971252303,1.51566486505165,-1.02487846621169,0.349393745392945,-1.52047434201062,-0.649936047638279,1.12857527646406,1.33659388487779,-2.48205176235323,-0.757347325145475,-0.753229784923058,-0.265370810970523,-0.141979267276952,0.249290181936926,0.356568180411901,-0.200941736126816,-0.806161115643836,-0.0297605497505675,-0.303405035742668,1.26128818366909,0.964822908357896,-0.00494928417137266,0.894682773218127,0.669634769691211,-0.609243652689517,0.933524567118618,-0.43099647420525,1.76390185958078,-0.274989684776422,-2.1260148642373,1.51115117422821,0.53219219669659,-1.11822700338551,0.752673912880892,1.52342542031951,-1.53165270709057,-0.199055738319387,-0.0941616143439417
0.0346602131274195,-1.15442658491556,-0.00184977851197312,-4.95139430597673,-1.24955251681131,5.75810100611407,0.580966952641161,-2.22241715174815,-0.221524559217964,-0.607696333004139,0.0421304703892508,0.159770015338738,-0.856449579593333,2.33553575714119,2.2526542834516,-2.73899400899876,1.67956325611261,1.22324317773539,3.45238877690368,1.29028530744322,-3.86741740561151,-2.72027213233228,0.2283999568032,1.71590363758669,2.44472741662076,1.29760450880593,1.599658407408,-2.46785856725435,0.747163030807531,-2.88402183731378,0.189709889598758,-0.292306787616489,6.66909494107141,-5.75175213882681,2.60946255033636,2.47041331511091,0.954588435296382,5.59270379478288,-0.552320574164708,-3.35713618477793,2.35345959096697,1.93110701597071,2.05038853980432,-0.294645819732401,1.8348797386746,-0.732282675133074,2.6435168125198,0.19136952189706,0.792679997040453,0.772714019746665,-0.565897694968205,-0.191540030664197,1.20850132889212,1.29156361049033,-2.06137041133957,-1.53452175554928,1.32880960899975,-1.7117326056405,-1.08097460597881,-1.27987922867658,0.605146734924978,-1.31917426466493,-1.7929875015715,-1.10902070356586,6.45136554222229,-1.81663550841245,-6.5271634300703,1.87139463730628,0.19613988211065,-3.90476671750858
-0.364305737849624,-1.11897827096178,-0.391057377059103,-0.393836647588,-0.447167261853672,5.95567614461163,1.33733745105215,1.12326925954196,-0.0320933310766393,0.00181137008992289,-0.0150533041549558,-0.413319536160485,-0.554938145503049,1.47404323726015,2.40244484545464,-0.76138876129529,0.657151129125597,-1.96820044734946,2.40316566483508,-0.56622232787757,-3.35681682119533,-3.63834047682872,0.202314077285434,2.15236640130586,-2.0885170537593,0.568044651051658,0.304989086918891,-4.84119567669,-2.22801427512222,-3.01892580503012,-0.682809526329726,-2.3269168622065,3.37226948675751,-5.08147798938332,3.47730864204897,1.93865153843285,1.29073153212742,2.96071526156112,0.0396611587793407,-5.36319315232867,4.78209932615852,2.94644167031887,8.02125411542499,-0.541484360553814,0.83471561826186,-0.941443241310719,0.396359976461555,0.159056673552053,-1.60175582108757,1.20420963247929,-0.0233879096027816,1.19747724125328,-0.034264398950303,-1.10402495989066,0.348928094182491,0.918660896182986,0.700941567888685,-0.321600344281882,-1.21818937582068,-1.77472359102475,0.115050974068984,1.82012248365917,-0.738547607860988,-0.486955930149372,7.36535809229788,0.825225292403047,-3.96641750757441,6.21997742148141,-3.08130747146713,-0.0455323927394866
-1.2639790932855,0.572968317866256,-1.04666906590895,0.7542710561774,-0.174758558755858,1.10793548708903,0.501221088184698,-0.781701889544917,-0.0180872668275764,0.225865321862219,-1.7576010615333,0.907675863480693,-1.29729102983645,-0.549113172717005,-1.06210676704627,1.43019082674239,-1.19135123857155,-1.17039333237805,-0.506286856787761,1.37433893888621,-0.598796445269675,-2.53039059547715,-0.849040734904936,0.751036375344384,-0.115098117945591,0.980208222973938,1.571633612876,0.697749159193679,-1.11059739922178,-1.10552158916289,-1.64663934515977,-1.00198708546818,-0.478569935009176,-0.306888266599473,0.514021682709443,-0.816391386793808,0.557004619416596,0.304965557854573,-2.73745366317877,-2.32175729277334,0.892966838440017,0.805240011610819,2.08936255904549,-1.66444559292545,-1.73059784870231,-1.60042597179622,1.25272470270207,-0.139313033769785,-1.32103298861772,0.667209747305398,1.94593465991479,-2.27436678841025,1.29480450572237,-2.41015720395091,-2.05251211990589,-6.77661648890964,0.356883681390049,-1.33046017042453,-0.996983671121557,0.128418009754158,-0.894235461301087,-1.19274957727417,0.155784059657275,-1.59970627479592,0.284804410630555,0.635751788771571,-1.6727433943869,0.45235650053619,-0.455460126448165,-2.58893369495765
-0.385356729448723,1.40468684533951,-0.763625741330296,1.57672943513068,-0.170733008232762,-0.00831347409313959,-0.0163367127532694,0.0380610820761127,0.148165642471282,-0.00591466023549341,-1.2054634062418,1.49683638953904,-0.82651324083407,-0.882182882696843,-1.8901580732667,1.0012950520393,0.771784518303261,-0.867236254203768,-0.151324231974844,-0.332767757490047,3.03052938688743,0.793446193106858,-0.55808077034968,0.615842852858391,-1.25053501554516,-0.124033701595987,0.891937764933856,1.20204339835506,1.70738804515469,2.13288262059807,0.870169169024879,4.39144186862874,-6.86985642333577,2.77871527390324,0.170700675325503,-0.0899848383026747,0.408022548737002,-2.40369889085215,0.00767818436287127,0.896121831791386,-0.565305410409215,-2.39611784590649,-1.2016968786508,-0.932434111149413,-1.06490223086333,0.0133916003622065,1.39990448735009,0.598417824257931,-0.620594337006105,1.06344970822001,0.282596981429134,-1.91219337178256,-0.474350855989362,-1.49588308117292,0.417773406109442,-0.0951118412365611,0.729482636958623,1.81902935018134,0.22366973184324,0.227504359029126,-0.0362812371066262,-0.0904498329432769,-0.131472989949866,2.84986325076598,-3.39916231632125,-3.27597458667149,3.27669328573628,-3.20889502190027,2.83407521800738,-1.58656556590025
0.719090125955942,6.02343681695152,0.340645950063926,-0.0270607543608674,0.313770653136598,-2.9689350092765,-0.25171009310348,0.279095217192748,-0.908656340395556,0.821808152655313,-0.224674508034581,-2.15540063171452,0.48052210918372,-0.213351820440804,-5.74059865258946,5.71787060080185,-0.248916637962234,-1.57132395409349,-1.23549710866729,-1.07931366833658,-1.34388686778263,2.14286382956472,0.229436057116885,-1.54458121928862,-1.69153223530813,-0.926558969138758,0.973614326565303,-0.504025700431407,-0.280198081078474,1.88037899128383,-0.606457524069721,-2.52932175559028,-0.726975007338973,-0.547230096701241,0.492367677169273,0.912811901727607,-3.03228947308701,-0.321183460342609,3.91780904871806,0.539615692828127,-0.317685146017133,0.227545357433196,-1.24570000440771,1.25298238411583,1.58924132444652,0.74577259340273,-0.251082628946773,1.78368034452091,0.507763245391391,-2.01838322704453,0.522436513671682,2.46727015806052,-1.81293308443529,2.099896670326,1.56817350637868,1.3317713455741,-0.928924883306602,1.8688835782628,2.0973271999148,0.0820778697367259,0.108794955118329,-1.32623059911371,3.28642140640165,1.44038238840522,0.428830088019109,4.85863826412981,4.69233782461661,-0.332352714634006,-6.45939232214638,2.92367734105837
-0.0787364870427058,-0.842988530398248,1.18267231639972,-0.148014079313484,-1.27957962565508,0.619824182403907,-1.37881850881166,0.15430161333743,0.451099326075148,-0.632103996215408,-0.748753904596243,-0.455472437964558,-0.360842189541297,-0.29299347923014,1.03896641652094,-0.87530576441332,0.894501020344059,1.82286403652102,2.44142261780569,0.209616996339086,0.315052161605091,0.186766717001352,0.866732808661797,0.714348607962032,-0.676058077397543,0.274857786876896,0.40767163647254,-1.83685694081548,-0.101408357759839,-0.224229666218149,0.0863483792386496,0.401528462818606,1.12872583737299,-0.791723083888813,0.119126267196367,0.0050445890174149,-0.101207645448421,-0.438045509409334,-1.56503175494714,-0.219415551547029,-1.54653254394272,-0.46755381260115,-0.31471397198417,-0.659272010083447,-0.840550184016939,-0.409212658280544,0.470737268699929,0.315517447373732,-1.38135464811322,0.501989556001943,-1.00374397627736,-1.33131024338588,0.691708171998659,2.15538780895847,-1.28401845345542,-4.16794731993354,1.75800686099316,-1.58516260889757,-1.80042775476429,0.53566751729929,0.510077505380816,-0.283145117382458,1.04527822091612,-0.0350240280143377,-1.35993666591211,-5.23161459435169,-2.17902462588176,-1.03279665040193,4.90885724576872,-1.9925494886217
0.296309889125811,-0.56921591553142,-1.98458637021806,0.227024831090542,-0.832724023302237,0.416231343910003,-0.423421885757411,0.134058452215112,0.424950267697198,-2.11699694218461,-0.246853790648564,-0.995382244982698,-0.722990847123691,0.662853974875912,0.194112255079963,1.9696920867489,0.563198945214639,1.09058910508435,0.588277862868877,0.0981817029246752,-2.94304147134136,-0.68545055591538,-0.478305010281103,-0.526831004882179,-0.642242675736497,1.13597737268896,-0.681887801753011,-0.800814933268998,-2.36735229563138,-0.296645015642981,-2.42737351347009,0.12704753194071,0.8465498324952,-2.87576146839282,-0.402358560211494,0.296821386139268,0.522018753936301,2.10998329631068,0.74961250612469,-1.90813551180142,2.87898178587413,-1.07315204331751,1.7041726175595,-1.08330477638152,-0.96743247955975,-1.33621343548688,1.05482766466989,-0.272580811394486,-2.91234299638633,0.358968852022505,1.54262845335761,-1.22342157681171,-0.809275478374946,-2.98485928004893,-1.82046455518245,0.235410860658647,5.89243491259464,-1.42784264717924,-0.221159847298326,-2.96964042907175,-1.52686429971707,3.62208705715367,-0.740906553712267,-2.05681600947455,2.21292611060482,-0.0260484104765601,-3.73411219753814,0.0741764275123904,0.796373272892297,-2.89176388346042
-1.17202051466591,-1.36452745321867,1.36432970958248,-0.629920081203121,0.460884857706874,0.910140511129476,-1.25490610552947,-0.26533462134216,1.27368459640716,-0.0312948068778319,-1.4278660811473,-0.108980565849666,-0.613956355244933,-0.529800651257037,0.689316822846043,-2.37870965517504,0.930618688973617,-1.33972658517962,1.86608329676873,1.34310201438603,1.85677469450755,-0.053582999162815,-1.04563597822414,0.346101528623346,0.0474763257925761,1.81916308891982,0.880730884231783,1.55015748885933,1.56901451441423,0.51452774048573,2.88314845953595,1.68395289477785,-0.687525251726796,1.72680571440017,2.43247775837023,1.64449707310452,0.767600982825281,-1.68071301720151,-2.54785905326318,-3.66952726604928,3.72214936832932,-2.01225026709441,-0.433343326891553,-0.458367101557689,-1.41276775952096,-1.02548683045538,-0.539458899034449,0.647994938218129,0.200484673424389,-0.21676828046351,-0.428933632446955,-0.623700031224991,2.41970737851778,1.09375329176924,-1.54246115651637,-0.852245498937717,0.481080606342227,-1.27600689162952,-1.6713264021232,3.41354448840064,1.65493167630158,-1.04855706977289,4.2808606365613,4.12025649610628,2.23301156592021,-0.952780022894612,-1.5133095797032,-0.283621363831023,-0.455786413965542,0.0981471666452916
0.682347930830874,-0.894212023787362,-1.17207386583047,0.637997097333722,0.749854395591633,1.31090002181769,2.430401088933,1.25012358105635,0.242470950611107,-2.16181702487019,1.25461149837358,0.371366379953283,1.13294813320833,0.121631045716837,0.862234556278774,-1.15828018290213,0.870023874575131,-2.32158386494612,-1.48477474881911,0.407735894245128,-0.626361064304897,-0.489657319276758,-0.43117780924875,1.57900791441668,0.538250587460996,1.36067856257408,-1.18095815586214,0.620702752519673,-0.524878350279785,0.50887277578621,-0.55513149752878,-0.137754808329713,-3.49896496964849,-1.55575674081994,1.93996474294605,-0.18361632180013,0.265091804663283,-0.64610670296262,-0.938301170811908,-1.4747947496824,1.46488419610316,0.875360251721767,-0.356042436342252,-0.558477180735631,0.354708239883053,-0.446233105121023,1.0632923619985,3.2664469835914,-1.41443328279363,-0.597832614484627,0.477103470071011,1.43295100043328,1.76699932306299,0.0870589725221031,-0.997857996240624,1.41597563899898,0.00101986468627913,-0.388366637005437,-0.105733078943089,-1.4261751785999,-0.444942765772161,-0.204014516794533,-1.14959918304079,-0.753966216621212,0.919647316135307,3.42647989629551,0.675052902196895,2.64166869448536,-2.6443724584908,2.27391686467894
-0.0947868272621506,-0.767368352787696,-0.759105221519695,-0.463688454706966,1.35488183887949,-2.16660213723584,-0.365767985887091,-0.155670073508552,-0.00621647158608873,0.00268481253942498,-0.0679628807522201,0.0285669386789564,-0.101553331185866,-1.38677695041302,-0.724300230685172,1.54575535471629,0.998322339088083,0.594747953656885,-1.93074076287337,-5.14262416150151,-2.13719446529584,3.4873700372801,-6.40105793359597,-2.7291518785795,-3.25104774859833,-2.50106054890003,-2.0370572062258,-5.44554638249556,-2.71593062652913,-1.6160619614773,-0.851238278674143,-0.876977769215563,2.34019068602846,0.317105381566063,-0.660686075868611,-1.00058480591316,-2.46476420644689,2.12407218482699,12.1857740943431,-2.0321592696804,1.38983251360215,1.23780125309946,0.417481669522182,2.12730544063015,6.32494661326245,2.53434953287007,-2.82101130877053,0.466855044505185,2.46954634969798,-2.29489428715441,3.28373596474967,1.43401684968377,-2.3563860916591,0.955825789767709,6.23666675812563,2.56246990601647,-5.81263100341548,5.48964649856304,2.10732048709849,-7.61467629525316,-5.0842263605906,3.8581370766884,-4.99760151586683,-2.06180918856343,-0.22774718187963,8.41858521735596,-1.52679394558172,-1.51824665075953,-11.1094833341474,2.70284410205269
0.771611022185439,-1.36962290642504,0.807225242723833,1.45833478187545,-1.39608042146023,2.36233227997674,-0.99866728841346,-0.411914797642043,0.00278245648683975,0.932553642761971,0.214688984434823,-0.0650376357802125,0.670011183441976,0.907141009826052,2.22217499611605,-2.01849722838542,1.43284933908712,0.825828203318833,1.94877961424408,-1.08174145688496,0.710962160740848,-0.563823279824235,-0.24292949735281,0.420628009655183,-0.847875802741877,-0.132122542983763,-0.165423225861314,-0.702345398840946,-1.04403572715628,-0.418728310798312,0.0439509224066356,1.21483670808396,-1.75664653108353,-0.150482241968718,0.76952842012597,0.0363027994916798,-1.00986732865053,-0.149758712250962,-0.764065541366988,-0.365015061861572,0.984884006526767,0.919439674497521,0.560901031808666,0.210863548873458,1.93885820202245,0.718576495829416,0.252299436225915,-0.392064848324209,-0.40892372164739,0.615424939676863,-0.0218521299145831,0.961147400290435,0.0592530143444149,-0.563465037723252,1.63421074980458,1.89214892965746,-0.708608223244798,1.60958396905851,0.385040416842656,-1.76271564606056,-0.671917094453518,1.55859432470979,-2.86179803456275,0.349673342560317,-4.25044971987631,-1.08029889747854,-1.36271606494576,-7.40701139603811,0.39135140804124,-2.96370835472274
0.0607895161090245,1.00310627222357,-0.0602935578252651,0.400132258643899,-1.44545266935927,1.00265744283912,1.29657898018249,-0.772067452575691,-0.659724244133274,-0.557580588549633,-0.0737380212743506,-0.201797671460589,-0.228296955610157,0.342942891457803,1.45750749628577,0.689401090433005,3.2581549429185,-1.0601002129704,-0.985227163007397,-0.457779647803019,1.05906241568582,2.11466928911323,-2.91025693223926,-2.57856475375956,-0.974082059099927,0.110706096766972,-1.18040623054127,0.265316248486338,2.34422900992602,5.59137370496533,-0.137503905414315,0.132630473415156,-2.10596187330744,-0.107154314567386,-0.241676187728921,4.52623653292475,-0.869343083994543,-2.32594378371457,2.84510596529394,-1.49725234640572,-0.694251076752855,-1.66962128279672,0.094577955819499,0.610080706847825,-0.555726939758939,1.29203071214526,-0.385004563666987,-0.283121209741309,0.160362658275331,-0.436404201851563,1.40124754713967,-0.678905869721392,0.268447118202734,0.415559497244721,0.531799903151944,1.19794186381904,2.17404741277681,-0.739915465282854,1.32163576486321,-1.61962545616059,-1.68739149730606,-1.93121292767445,-2.00215974793432,2.40923371997228,-1.82533319640808,-0.208797542974867,2.18603724767236,-0.335733417329758,0.872668656500924,2.6137565368329
0.330256151896422,-0.128847166131236,1.67121394737356,0.695628788556954,2.39602418796046,2.95979703856004,-0.478262394447318,0.410276421077843,0.67789799723252,1.35936769886688,0.32981017184116,0.217549947046482,0.212386018188743,-0.594343123680063,0.636460672345404,-1.67929830496565,-1.31557389364865,0.353610414544824,1.86077299463424,-1.60565893727604,2.30210072647079,-2.70677165008023,0.449250708525916,-1.15547271047184,-0.964076708642337,-0.904975365148425,-0.688594832066767,2.81134683957158,1.68277703138723,2.25285263773991,0.982010598068547,0.474327200295488,-1.60006417140026,-0.0378165177929773,0.799955721838834,-1.68521638991825,1.6503665356532,0.201652929998624,-4.46670117368338,-2.13953185895327,1.21076852388697,-2.10598649530387,1.70980470893849,-2.94489629608132,-0.473417722729537,-3.1532502637508,3.30070847553873,-3.31346554740996,-1.6159279654585,1.93861004278157,-1.77979429883058,-1.45689345240431,2.29316151823085,-1.58464064788062,-0.844592945132968,-2.04740158143542,2.36729014920269,-0.907744844677352,3.57871966139838,-2.59035909976292,-1.98878078211982,2.19157591892224,-1.23789203744265,2.35447769524134,-0.158077393197359,-5.31158696070799,-1.02757537035239,-0.0352033628884973,5.66189413550405,-2.6751149224916
-0.831226197867756,1.04304759262192,-1.65902592320765,-0.349417958870274,0.00731919318554072,-2.72329109971602,1.18307461520572,0.480578677531589,-0.130516287292939,-0.255240181568258,-1.0166239808765,1.49459754566102,-0.729617653076635,-1.43972015267096,-4.98181353126774,3.13918803871555,1.69318833636366,-0.919446844821006,-2.19395945517386,-0.768369201898145,1.77733775292664,2.19525981449641,-1.05579507711877,-0.687821714310875,-0.657670697326921,-1.0216769814073,-1.34401810197566,1.9349396708184,2.02050940604568,1.51494894032845,0.742223503374166,6.61849422302003,-1.03104096254121,2.29638532870704,-0.514807491740029,-1.62330903013382,-1.46350438546894,-2.08790950975173,1.26673165853462,2.13770436172352,-2.28088941160594,-1.94520001742128,-0.753862378381772,0.169458677077343,0.816940719947387,1.01588840659729,-0.260185635775335,1.00938385409939,1.12186569311987,0.3068020688459,0.889163307973058,1.76576724065994,-0.0878248485962883,-0.972057869754123,-0.375220165168849,4.5252631413828,-1.64455856377416,-0.0131876997870358,-0.553130779174728,-0.16744862131745,0.771949600290314,-0.0019088281775433,-0.98964500140857,1.71134083530458,-3.3615562833861,2.19180864143141,2.99354175394009,-0.149103263658092,-3.62745285542132,2.45993980981197
-0.202098579481905,-0.206321962612198,-0.00750406248450217,-0.113534806967959,-1.51106181160003,-0.000580884955438057,-0.156289674143763,-1.65250599064588,3.16803670817589,-0.624966142861394,0.896006270736451,-0.380633663013564,0.809142144218831,-1.19875122753073,-1.48654421837904,0.0504256241481715,1.95332342653932,-0.957221060572009,-0.321893189986782,3.81752452263047,2.7702694100382,1.13924668629908,-3.34075189053568,3.86442785624776,2.05261060147887,2.34009171196039,0.57007936201015,7.9596770101588,3.0165468155941,0.634143503347267,1.30289377694143,1.27379564831365,-1.25548113481224,1.5100952620297,0.572181552966018,0.43510981593935,-1.10729885123463,-6.07479600700237,-1.01869765207186,-2.43323423677458,1.1178099194647,-3.00708727998957,0.937991046168121,-0.988644066386597,-4.34538332794228,-1.90303755245375,1.27050384436245,0.112258422723294,0.232185432025537,1.33334596760877,-0.951614654809487,-0.673851262970222,0.900185685317815,-1.39733681513193,-3.38184898307395,-2.45376429665489,1.39453260629141,-2.14970591304543,-3.43532545709865,1.60766542468684,1.23343134106807,-0.956829031103572,1.90104140344765,1.02281266315998,-3.74412219831482,0.918985101077484,-2.83804857424322,-2.20831671951371,2.81671899982729,-2.40166497631659
-1.64103336279419,1.43020781305899,-0.906940114880294,0.636847149543227,0.0177591783203537,0.953240997044491,-0.0425307572924652,1.54986247682826,1.65517201512312,-0.791984326967797,-0.645266775158321,1.48189842765172,-1.08446675769398,-0.668008630897389,-2.41427367305435,2.83869872908736,-0.410447165637655,0.0416861009740033,0.237726017155398,0.553607674368849,-1.25707280334354,-0.452097381259035,-2.11998150121135,0.388910087049403,-3.20697340853444,1.1621464271636,-1.1891306316498,-0.590002583209093,0.527644342701685,1.70350997466024,-1.20124643012426,-1.63326072658323,-0.540142071338404,2.22918913761057,-0.0438675234138788,0.980476922696078,0.550707026505822,0.699106499521724,2.35601614090351,-1.13469290788216,-1.58170263007595,-0.08495466222365,1.86651965860692,-0.16036860166124,0.128378153646287,0.318557237415395,-0.798161256781002,-0.989439913920874,-1.55556742081681,0.367566563741437,0.457903325448755,0.150371067497863,0.728063234132185,0.513126209023642,-1.61706908306716,-2.83700139471531,1.52768000764614,-0.215897595054861,-1.54013615030594,-1.80032459820248,-0.0228156131004471,0.340219730686915,-1.50595109302815,-0.668368543013489,0.441985361989599,-0.966713126173734,-3.1858684311946,0.88616468378518,0.544859151165793,0.932389654775915
0.295844770233998,0.627966165590873,-0.0984087491948864,-1.35013469397823,1.56065421810922,-1.64052470741888,0.160527904468,-0.154536182056202,0.069448697712237,0.100875153896428,-0.343078135065226,-0.414994784252282,-0.2593746778371,0.0453729716048883,0.0239352078128331,0.935849494276621,-0.772852434299103,1.02298934332991,-1.22783650905989,-0.530755731987658,-2.98718582047559,1.43028301142483,0.171742193612233,-0.290103428340872,-2.40801186263776,0.0373665656147066,0.226409551631963,0.425296577365517,-7.09074075642363,-10.7718589910666,0.108164796849553,-2.10954941036495,4.22085907835314,-0.7208048723268,-2.31284405837483,-1.58784697768011,-1.87372246149357,1.18600721857002,4.35983080720918,3.41957290777663,-2.16355144880832,2.88414173932226,-1.25390195496365,2.36444258275151,2.39218350057945,0.842995112789026,-1.11904126083949,1.21909585899632,0.56871134346524,-2.21473606880682,3.06883217864586,3.34690954953764,-2.53988555842726,2.11843833357874,1.1697406586987,0.646457998076894,-1.05007132887283,1.02934216955016,-0.706094048555297,-0.33135783880329,-0.200312341445847,0.206057487884642,-0.868930175048336,-4.55930975955527,-0.323345096182076,2.9860006987179,1.79408324196642,0.208336111262152,-3.68543518147821,0.687135465790416
-1.1327707530898,-0.998772763540507,1.12395669623317,0.204384598642934,-0.495159754384142,0.507064077216119,0.030460452527814,-0.781738474015724,-0.307792536758828,-2.77870487032877,-0.734058430629845,0.922769763058038,-0.681356769104372,-1.72019800989792,0.523749035747053,-0.262345656409521,-1.49984058847729,0.173564851829166,1.0121209593542,-0.00569071289215736,-0.950999402181799,-1.92059299110218,-0.177420412103821,-1.01496205695508,-0.815461238284087,-0.527648137388009,0.780584741584507,-2.85531096518126,-0.910820103443566,0.0643652911132376,-0.365033964305004,-3.20865164046121,2.66707292841135,-0.585722619679963,2.41751496778849,0.529491407122404,-0.965608641565582,2.14387964396823,-3.57709915001506,-1.37349755422531,1.37823584287281,0.555541852230377,1.57250626772215,-1.62248916556056,-1.03365719485473,-0.505441521795387,1.83865459044481,-1.13330142412646,-0.562056315525852,0.818866440177988,-0.924698192786663,-2.32559335823836,-0.991714912132925,-1.33926407759425,-2.10653434866384,0.283473268101699,0.0480813021004602,-0.211264864362974,-0.497651675484469,-0.00926063353077367,-0.173974178029134,0.00504503544495185,-0.463774819212873,-0.557895753059816,1.79614468334184,-4.12375522089608,-1.70953129955842,-2.60243681031926,3.50427524055075,-3.97494759618894
-0.473219974039639,-0.527426397928161,-0.646139231456154,-0.3993266308803,14.1051731083646,-0.475262374147014,-1.22122293926866,-0.426606296065471,-0.0550175729237823,0.635356055293343,-0.369053463235275,-0.346529413091218,-0.951065988984185,-0.195903581595931,-0.7060356353559,-0.782738964185413,-9.66456723314034,-0.874651694067462,-0.192830068431982,0.783029833448605,0.0339349622081841,-7.84575209374202,0.444055598890655,2.99627614200311,1.09170715265439,0.177268442034759,1.26600323877288,0.98532265702669,-0.0406615586909786,-0.182837250174286,-0.788806127064526,0.51079628044283,0.671383652292388,-0.040071238880494,0.830258145151692,-0.0475809384597018,4.51427363493255,4.41070061435015,-8.26752400888444,-4.62376278756531,-2.72453060971381,-1.03805468390912,6.53370893045781,-5.7143244592823,-5.44412322378937,-4.29966413324782,5.38786940392122,-3.31814840587858,-4.35589887334181,5.08174089674243,-3.53725600559577,-3.63611571595363,3.47032758908776,-3.87982585744876,-3.94430824435944,4.33284789780554,2.57828436603734,-3.74816936158695,4.42009974657047,-3.83125868373555,-1.95493918375158,1.07614529549838,-2.48688549724206,-2.96371758890458,1.73798871008326,-3.46275311229623,-4.87514194386386,3.79942609419488,7.13753713786164,-4.8168218992695
0.574984197589118,0.409965243848698,0.0466885458746369,0.840322967824137,0.962498546609622,0.00893474406256861,-1.29634713280237,-2.34279380054068,-1.14560825304408,0.897010098277529,1.0740146615143,-1.33703337564732,0.34191459849624,-0.667515324332356,-0.866109414805342,0.881952014956485,-2.60512882601124,-1.33597730697012,0.54565639650149,1.01692247530488,0.740966817502804,-2.80100650852518,0.33601955072253,2.25998045921061,-0.855961121864301,-0.493118234789796,-0.770378324804507,1.64178252883848,0.955672550668166,1.24442999111937,0.566572327336446,0.775467148596299,-0.242692258139115,-1.14520738786174,2.76442185833748,0.583272779587585,1.44356974309065,0.107839968656375,-3.66393879358248,-2.38993513638846,0.393870952991002,-1.35115393698171,1.80169966964439,-1.5189446010923,-2.30172595016225,-0.675217421118383,-0.383159624029906,-0.121396442523939,-1.55042015006484,1.86388098935921,-0.0045671222214505,-1.48348174262579,0.0757620442761677,-0.0320558910413937,-1.67807377728126,0.199567955211196,0.843745211657995,-2.78661584501337,0.227289494756776,0.478071111345628,0.551116557468645,0.494373240550714,1.33710956429672,0.764748522025464,-0.170507463786017,-7.10647940183717,-0.391061763671335,1.02167440904926,9.12294612644227,-1.37282162231043
-0.546967367012394,-0.060483304891973,0.790583636195957,0.762468869376442,-5.24583754696934,0.763045607295683,0.221646670866694,-1.16981498960083,-0.895043666506406,1.39432945741829,0.18377718144271,-0.451540261168075,-0.245314450844423,-0.925018771395902,-1.42266979317098,-0.0748360935064361,4.17691033830616,0.163807239750135,0.944224742938994,-0.043388216291604,2.37167616512425,3.2996899896503,-3.37061008453148,-1.18758122635361,-0.912456917650085,0.200671992579931,-0.135239129648202,-0.103667333505586,2.22711486701465,1.21392246149831,0.905002021884956,1.56827105731757,-1.33331422795363,0.824739272506715,-0.138303063717158,1.76609893533073,-1.4784088208283,-1.6245491976179,2.92883180321032,-1.30436319568094,2.24362751889549,-1.00825615536173,0.240430525494458,1.39469665042413,1.40983898500636,1.16981545168032,0.0383091748407869,2.72380040094697,2.24067029710597,-2.29624466089754,4.05699175561575,3.96518974678923,-1.78704244160159,1.06789980907737,0.18345713366911,1.05543348611783,-0.654382196558259,0.282482897618019,-0.758048567930397,-0.387299183252304,-0.765862896623137,0.721900601445764,-3.12931537814613,5.36345924414268,-1.78284804953883,0.178607685937795,1.04874241272831,-4.77739901339957,0.522073838944672,-0.34469118245674
0.374760689086386,-2.746523556633,-1.07793674438093,0.211358023229803,1.09062088852617,-1.72126342525691,0.0140478903049949,-0.555972701065468,0.701183782331247,-0.0235058068386825,0.132847412071973,0.451111743513916,0.895943121322657,-1.31511800226894,1.11832201893444,-0.894017009549228,-1.92594359501068,-0.751394028931377,-1.64340699273117,0.357841916760921,-0.588621652878566,1.58825926211564,0.8242743018087,0.25778368660404,0.0641716552359537,1.48135503246541,-1.63293400715511,4.74428291022912,0.713545513930189,1.49917822388946,-1.19392745489039,-2.10196905744181,1.44012840995393,0.872753914330288,-1.56831687613045,-0.328490184415676,-0.338753633471626,-1.19417049199933,0.51252681242398,2.66059066483524,-2.29679250362734,-0.684366626629749,-2.57326002388838,-0.36130414866305,0.119016828166882,-3.09997399515748,0.106307498131779,-0.67439763866774,-1.43906030698412,-0.617965389634723,0.635110223335211,0.447905571535914,0.867723184544309,0.0235202625368611,0.589021648225585,-1.54958397552351,-0.925822985688913,0.948886845508611,-1.20113831445574,0.387838275802897,0.289903036568389,-1.89373407630238,1.34080166542131,-0.625154446377099,-4.89861853978308,0.509494548638133,1.03598430415019,-2.57410919160791,0.711417286258229,1.17417435618511
-0.808844670062245,0.0330029780335405,0.52691060270799,-1.6228267227638,4.32818066228098,1.72383281391123,1.10082422568384,-0.532399648459033,0.434133445408234,0.5206016266663,-0.34619948818824,0.466511670487866,0.134980884140258,-2.65594437893593,-1.29790159670885,0.861825115632809,-3.80580692991143,-2.53521493779381,0.771634526367217,-0.051674448708322,0.253101358450987,-2.43754315201739,-1.73522486705748,-0.035564343863259,-0.0887702414801098,0.534359767145772,-6.90512042062507,-1.57045609039644,0.937725620683036,-9.74307985600976,0.710210999015774,1.69384004812554,1.96346788614787,-3.75950560367374,4.27393901311876,1.44548164899259,-1.26728415257063,2.10384272637287,0.86886651929842,-5.79659012460257,3.03045853350537,-0.340894007951392,3.08592769832998,-1.9965101602472,-1.88675974478314,-2.30134406074964,1.0961027870902,-2.94878419857573,-0.481436984931838,1.94987932650662,-2.17158585260435,-1.90582371107042,0.986950476912644,-1.59698865416058,-1.67046023284578,-2.47144071586985,1.13966766979904,-0.461101733569303,1.75425897704043,-2.80693477078936,-0.940409761343163,2.45041437021809,-2.41333168996857,2.66030787474556,2.31113186813272,0.730563652434644,-0.597672732264122,2.74208851986906,0.404926230224462,-0.706469852821248
0.277219979314796,-0.935452152050269,1.1992393195714,0.776350594897277,0.920563582987678,0.597127950636009,-0.220061621447307,-0.827549937481979,-0.841608656635271,-0.197636449586823,-0.560767193970574,-0.156339769366999,0.090329144403004,0.171607942106313,1.01513441311902,-1.81144052273948,-1.54456922556831,-0.495966295521175,1.40938996834296,0.357786882878736,0.716015639741363,-1.11725641215183,0.786003582765311,1.30171939921847,1.04206672031963,-0.44122991549626,-0.903391803536632,2.1013271646885,0.771137914785131,-0.423604541309547,0.332550412702084,0.12769871771799,-0.51936440810236,-1.71160504937335,1.42044189781762,1.5098729675196,3.39813751832382,-0.604946897266083,-1.69745097784237,-2.07809645668591,0.386122848770815,0.216502073251378,-0.379303436709523,0.253244308393369,-1.5270783479634,0.625908186055249,-0.168109166035393,-1.20303023726894,0.211091079254282,-0.182578114809702,-3.27315416903462,2.8137266905741,-0.764989481402345,0.406047856912008,-0.301607220600729,-0.161583404854122,-0.81112190263698,-0.197683855610913,-1.10689305098753,0.815589141462262,1.28321642721498,-0.974116083492952,0.656594283295423,-2.46130914646093,1.47264239144706,-2.81948782443428,-1.17194335474012,2.70335408220575,2.64333604333965,0.506673610901744
0.53689937773856,-4.5665528808374,-0.797132093432091,1.82076351812456,1.0166081896336,-0.946021079491826,0.0221663347581419,-0.0915654639800223,-0.00123811426738087,0.408433794568431,0.429728267789131,0.608444301630987,-0.687604013894879,-0.318388016753241,3.15941340399093,-2.70932122617131,-0.813279165151275,-0.877209050192782,-1.93676930885796,-0.0706004566354196,8.47146040435845,-1.2113138039446,0.0410901561891459,-0.530453202068539,-0.0564371405199372,0.00789409311215038,1.04103360961486,6.95648438637727,4.52859383879068,9.12241580880493,3.43627828294855,6.54873392708896,-9.18070573038515,7.49261299577901,-0.650907955566824,-0.667523545908892,0.407278176979621,-5.3595695653227,-8.78428934799609,0.938766387251802,0.258844385813082,-6.09749243839698,0.533964668383892,-4.56289432983842,-3.569022068704,-4.02748306634142,3.70794977001991,-4.00813153377052,-2.50103306885657,3.83826710370701,-3.7301789924092,-3.33051526786781,3.6270078303523,-4.34745427221506,-3.91547270158825,-1.05075996868221,3.10862609208619,-3.65210817748656,3.28989682618063,1.63916707046921,0.373525363913586,0.0792715383994052,0.848899884781563,6.18851098099158,-9.58299211889963,-5.64223084671546,4.47967169162498,-7.18319204655613,2.85171776538852,-2.1199826085659
-0.685051438343562,-0.651639710121257,-1.56494181603146,-0.190186958868919,0.2964205048434,-1.43583854932204,-0.907999348698058,1.09209585179918,0.824120436217378,1.04930022442949,-0.0529587473172932,0.765422612534795,0.550894381736439,0.207149807538514,-0.326207952748599,1.93223874541192,-0.244160743131948,-1.49158435559947,-0.0305987588369324,-0.965758143055152,-0.873745209443625,0.685421019913451,-0.212668214891436,0.424791235412894,0.369682184277423,-0.443867782732155,-0.344376293884948,-2.54881655210369,0.969271936203862,1.27268375198921,0.338947159525798,0.95868997252294,2.43635881387039,-3.61078502268161,1.96078605506155,1.02787444111401,0.817618454647727,1.95387940187466,1.78702754052197,0.136828858801515,-0.0814607894860077,0.0641577678094818,-0.987608641673482,0.981999953454965,1.70027860680718,0.78561041084399,-0.736097487356515,1.3977570984021,1.75830226655746,-1.73612812028555,1.40307434859383,3.62528620760782,0.558115214565264,2.02830236721765,2.10982238512658,0.669868075153409,-1.23776611098685,0.914858571831713,-1.06226680423716,-1.54568512563358,-2.05141681349292,-0.339435362733991,-1.54839289672551,0.428131599124957,1.67597527273891,2.19754701486663,1.47842382872564,3.09687949150057,-4.09415469565233,0.88662924918233
-0.896336086449375,0.95550199228381,-1.25044215673725,0.239524376556115,0.570729549072644,4.64163684324767,-1.20814823709786,0.802125495882363,0.880733049625744,0.615553509287366,-2.07535219303385,1.77380217425721,0.054849301345959,-1.31275874877833,-2.18609820093244,2.01043002953173,-1.01203825694017,2.33824871269869,4.00500578358049,0.641360888375795,-0.440803318762971,-3.84950305114833,0.229173106221567,1.13152129845019,0.927172955470698,0.657984468337341,0.994238369102525,0.494898361988767,-0.0346652511424839,-0.239325202809306,-0.136380441497376,0.400657454252472,1.80467701516063,0.0582083336567312,-0.213950747406471,1.65141586276206,3.34512772256441,1.90631901027067,-2.8666270544153,-3.66507772626933,3.61519185599732,0.888151463499121,3.36351319526794,-2.38622598693942,-1.7876422435104,-1.32678607276768,1.53794147664813,-0.365318578400592,-3.23998135408312,2.36108008936433,-2.481684325777,-2.21941080718135,2.67017935732982,-1.52694203765921,-0.806863444528074,-1.00025134400053,0.81275480869467,0.132073946709485,-0.0558225108907892,-1.91653210076163,-1.15977045099645,0.126183725382478,-2.10171679184588,0.931776530034356,1.37422949704445,-3.9389745099224,-6.77720495974182,-3.2393149650647,6.52319973175344,-4.82909671037209
0.290854522089954,-0.995959254060696,1.10608536000962,0.462776256668172,-0.49811559331387,2.22746304982937,-0.086853339005111,-0.119795153357991,-0.497416730314471,-0.021264024715384,0.302214615266748,-1.25354571910846,0.420750620603408,1.25045946286815,2.41142056192175,-2.32824370509518,1.57101060206236,-1.15803637664508,0.957588091067632,1.26203159371011,-1.32465210934894,-0.279281770664203,0.29462010391041,1.34829478726082,2.20734545927495,0.98805791672972,0.20715253220925,-1.09033177003319,-0.200145156342654,0.027311009876983,-1.14720189593687,-1.16344525719567,0.272807991527923,-2.64158068420903,1.72933481060735,3.51018108161548,-1.29755876947005,0.235259507287895,-3.70187019563496,-1.34077575887739,1.48482888911189,0.583974109698268,-0.0891430699004536,0.015348911266065,-0.817323876496433,-0.359864843177054,1.0625993367958,-0.389359586658081,1.0277623498662,-0.0145002361135955,4.27554914704163,-2.44251474235169,-0.0897749635002596,0.842760139472858,-1.39913496769915,-0.763607904218999,1.49806455446704,-1.18794230395442,0.0287061749339661,0.660074012061386,1.05736942071938,-0.877459855279036,0.639864227649511,0.469789980118835,3.23720926892545,3.0894441590499,-1.0828182668133,3.53895619459334,-2.741798730068,-0.0753328910312793
2.84631220943168,-0.73809466056025,-1.22191130393428,-0.000156613804542744,0.0155126011390986,-0.0229893668457273,-1.27168899375075,0.0839780914052478,0.084585878364796,-0.072951857023136,2.5091067734089,-2.150639549968,2.48578599331028,1.81264936150849,1.37933212380776,-0.254430252161024,-1.17617089463183,-0.919330899170987,0.701427657921204,1.20976144004805,-0.879698255494069,-1.36927978268518,-1.60680573256614,2.22079022232175,2.12447108401073,1.73689041010223,1.2310272099476,2.26408422395512,0.181134112380158,0.182293707767305,0.0913206102748131,-0.356850219040384,1.11435915257048,-0.422046113983303,1.17264728358391,1.86351167958304,-0.0992154012673959,1.17081302820357,0.508208387937581,-3.96893353602514,2.57857793119076,1.21624304094048,1.53182936022185,0.739660599739542,-1.35949835755633,0.433078325137878,-1.04613392664206,-0.377050918879904,0.799778966148442,-0.745595921540036,-1.50265766199734,2.57719757150273,0.460785416387103,1.90050342068354,-2.20177357673888,-0.769512881374862,1.2312064651429,-1.30426356209939,-1.65193215060392,-1.79496914288959,-1.87593178019959,0.232635799165029,-1.90438960295795,0.255289257659159,4.10073642164192,3.23379566079354,-2.70700969910156,2.4058252508254,-2.51108842398649,2.22162135336713
-0.107318289574071,0.694810527617388,-0.72958742021049,0.838923876465348,-2.18819538530098,1.43091883052407,-0.595349821915041,0.0267829309091663,0.379845291913428,-0.829427817185953,0.127524086535856,-0.741391678125848,0.536287122144852,0.441623972567488,0.290217949135976,0.994942207252693,1.329955210456,0.277235326639269,1.98000414674899,1.23942133288217,-0.219018545921846,-0.514619499273717,-0.566937384975419,0.0308444477901868,2.17098479069257,0.223308827317583,-0.0444006149822668,-0.105278650019148,-1.73519431296707,0.323521756366196,-0.865966085240542,-0.239693073193242,-1.76953473195047,-1.1756174501024,2.05308228389528,0.325700094815075,1.65129891121223,-1.01042661522718,-1.32412464183139,-2.23444745332562,1.77510066461472,5.80999526870918,0.793687071305834,3.22637534432454,2.83902094607291,1.83022824139109,-2.51371037420093,3.18630283464068,1.36062235983093,-3.54023572120747,3.74658598434929,3.09243110772671,-0.860526798562917,2.54644606220986,0.696754701413543,0.155520247646592,1.59469246667701,1.42834948285162,-3.16110930324855,1.89792855761974,1.25429026093715,-1.2480733692261,1.59090940390001,-0.815363074212626,3.3744026428072,0.358949903872673,-2.91357422796336,2.4317592764867,-2.55794750074272,0.830111934240302
-0.179484730558329,0.382268077948099,1.32492609660253,1.79524555253465,-0.968529803595777,1.37533942985599,-1.35231381290454,0.643861865458956,0.236056705495762,-0.0403381510138777,0.267904538817622,-0.965548329329531,-0.0714038369692866,-0.548477887683748,0.878422574371413,0.290095307539277,0.25614071958192,0.854831667614565,1.90702345050692,-1.57307260046873,1.13933831106376,-3.35949228707992,-0.146110220289067,-1.12660886498502,0.0228883168879164,-0.728118065844795,-1.24700378491415,-1.83275032801732,0.0811058993593867,0.960736511463126,-0.373196637852124,-0.303843487720375,-2.20813508602735,-0.654177391682868,0.888315059227059,0.496601792233655,3.10807853016864,1.4587344763938,-3.68547127311021,-1.77926886213974,0.619550039627567,-1.36988007689541,2.53108222759328,-2.9416732396025,-0.501883937260874,-1.93576284977595,2.58454806682417,-5.04398123542132,-2.5630765050127,4.08440194301198,-4.52396285789379,-1.77866941478621,1.15926794327081,-2.47473277167374,-1.01197274830279,0.0812111475673585,0.301053618910388,-0.0254224585582692,0.972846872344095,-2.79474408364573,-2.21911731914408,0.355264060888308,-2.3837761499515,2.73990086713083,-0.225040245288061,-3.97323144262949,-3.38741267332044,-1.5106016739808,4.0700134404106,-5.77005482642557
1.19543873559776,-0.0211116493715545,0.555208388925863,0.542823431081973,0.0172652297068186,1.76897846390139,0.117631580140028,1.02855047101303,0.13885865346825,-0.00246539527395664,2.19535888436159,-1.37626225748999,0.351024899318983,0.922810888347624,1.0481986068188,-0.768057928269503,-0.0580307147295804,-1.41351934837156,1.70415568444358,-0.804433064355551,0.0864779856472747,-0.532816559063063,2.07898224189253,0.965458709954093,0.0151427349126737,0.689681066402125,-2.3155726943926,-0.256021424660389,-0.871689200578026,0.747126425217987,0.59004602795317,-4.11372821174306,0.972049224902422,-1.67042480172902,1.18447267232511,2.51377952547003,0.247608049568372,0.00906805167529223,-1.1591828217191,-1.14041543017715,-1.09816739760099,0.573308783600564,-0.728912596843521,-0.370348449696845,-0.391373590330795,0.62868489597804,1.06335109272942,0.708354679470563,-0.55609871098886,1.39122739321432,-1.58134411457413,0.174676143115803,0.762484576552608,-0.400498790924811,-0.0422239559464878,-0.368812412516947,-0.492501144138668,-0.625436927181166,1.62265739036607,-0.817000393247854,0.366270775880066,0.575335619357778,-1.0324442185802,2.12953428278887,2.99756112503731,-1.63818736409882,2.53464295397416,1.4311994055576,1.62960966988482,1.05254662691287
-0.0337324552055981,1.67382488589653,1.15312715206749,1.25340496859546,-0.771252863549827,1.25768903851094,0.362260118543773,-0.524270590267288,0.159151176949032,-1.517845930421,-0.903914847621517,-0.784806084961572,0.281736806424962,-0.324902397152163,-0.410826705284467,0.613264446959695,1.8926716469696,0.113102489305479,0.719440427440674,0.346949381275873,1.67210338098963,-0.193132029041092,-0.789934793331491,1.38833024020791,0.819743854990217,0.878642598517654,-1.07169413563898,1.58084458021756,-0.907389271438666,4.21218174592119,0.349930438395842,0.165744257833142,-2.44242821941964,0.0152953245112945,0.600339394237939,-0.957416656941366,-0.238357419327655,-0.951076061657734,-1.94547692408066,-0.308879304412925,1.68158639143996,-1.67467213077512,1.70074278141099,-1.40805804923292,-1.48364754550972,-1.70338550483509,1.63547765205532,-1.88689720373594,-5.31839322812564,1.8241897641166,-1.39632594213748,0.189382337561054,-0.094439034578327,0.0229947705410378,-1.65528693501283,0.133269655373977,2.03473883447388,-0.935264818229409,0.382820006711469,-1.10822394505124,-1.5579539893865,2.13893725222787,-1.61025983855785,1.21934566713789,-3.13659199195614,-1.82317717791404,-0.287137893126941,-2.95104808400336,1.05250794330928,-2.61314364518497
-0.542622185463734,-0.569886523284731,-1.08154783191244,-0.337240508570669,0.73904113502165,-0.930425419542402,-1.8713893960852,1.38584012062636,0.407563144851989,-2.82371671105017,-1.111036279151,-0.902432399692173,-1.33893489557955,-1.18010761677443,-1.40352285082666,0.266022976598479,-1.05317933716122,0.579958499838645,0.243525090837002,-0.705167552612507,-0.580138757300468,1.15854495673996,1.00259889425108,-1.23690545528918,-0.962431127476197,-0.183654379235805,-0.182126794993745,-1.59797315379744,0.283830259622464,-1.77779826246825,-0.740585151960332,-0.795964571928212,0.521740495183305,-0.821166176382292,-0.242955793814224,-0.828598709619646,-0.704835078432336,-1.52038731280561,1.01971276566255,2.44330266474632,-4.04987492088555,-0.00916169409438178,-0.396997242218663,-0.134670671196414,0.757691050502581,0.277728768954219,0.492040963480634,0.463680333934403,-2.15382683137028,-0.704575711178125,0.807694802200598,0.771096652956403,0.634129988389519,-2.5318450215398,0.69269861948614,1.27452726419652,0.134534294842838,1.21439688434824,1.01933675108377,-0.646330468317171,-1.29008124110291,-0.0134431228606529,-1.84798652243103,-0.105856194671541,-1.19000714658245,-0.197190758798978,3.33556375188776,-0.411553251486028,0.733945831086332,0.560817104845204
-0.325080042933218,-0.45967439233617,0.643581476910428,-4.24229300788825,-0.777794368755822,0.0241134070407469,-0.300749329919845,-0.54366548384864,-0.423437404445969,-1.01460347142443,-0.333199819137586,0.0505433858820737,0.515491129987602,0.364127619822895,0.191308108979574,-1.27988915776352,3.60592648331711,-0.236839641030732,0.875512488450715,0.376394835212272,-3.04080707029346,2.05865753368582,-1.32686726222259,-0.24515897314233,-0.206761676277757,-0.628249647424407,2.18438291125448,-1.50891923515446,-0.361425721332344,-2.96712642958282,1.50464272766173,0.601653630747234,6.99972191712505,-4.02092410966649,1.84910606365882,1.76248078989307,-1.22221436564318,1.48096408072723,3.29490681800965,-0.71103456331396,0.424568262307183,1.82450798794816,0.777500332426167,2.12361850782602,1.92837321289489,0.560714694400164,-2.59977015565333,2.12010431467438,2.16227612037999,-1.96404471801181,2.58480176098992,3.18300097073805,-1.50834488449327,1.57257508787873,-0.22843719627012,-0.552966574090609,1.66581860646809,-0.288501257675634,-2.40490208528168,-1.57905909177631,-2.46043963813075,0.358553856773521,-1.25418617441969,-0.582685015905525,3.95906227412606,6.23495700555206,-2.27115499012875,-0.117978752014647,-8.26830295710112,1.13483361028352
-0.460458532617955,-1.71172503706481,-1.02737214857498,-0.503017670195147,0.409616150848227,-0.104352597900166,-1.14661140931127,-1.14998228030921,-0.366006161238347,0.462931673939446,-0.137803525526603,0.480568578632395,-0.457095303907536,-0.838255768963356,0.409013227126711,0.0163917192242765,-0.249650924438593,1.34327280692548,2.19011446408443,3.21188743567855,-0.620214298955081,-0.893404075861886,-0.208136807666485,3.37620286834564,0.833983412684713,1.76369478907716,2.29389980875644,0.766112367350098,-1.07159491973526,-0.175469897330779,0.534216908821178,-0.816262426044091,0.922614464246223,-2.27078780190795,0.0266934118508032,2.26501607073428,1.08441858863568,-2.09900463878006,-1.53956045449408,-1.31347557220379,0.642174942866523,2.44630047150965,1.25484058338243,0.493040611245067,-2.29941996537778,0.527309781294796,-0.719312770739107,0.737664133495705,-0.886250552228348,-1.39622864092757,1.8987240791091,-0.786317320767989,-3.94074951516146,1.67217457824436,-1.64687142038576,-1.61644435156217,-0.0805489873753119,-1.10909410931597,-2.81774945011181,2.673344220994,2.41728928640384,-2.45648822664257,2.89520439626469,-0.789958724802574,1.29020238077955,-1.23188791451824,-3.472303956233,2.81275739767009,3.77047032114944,-2.94421661747377
-0.170599382359261,0.591086172207626,-1.27041801127953,0.346849597543817,-1.71093781752656,2.29993621316383,0.577012891265767,0.0762865911406883,-0.907949930333508,-0.465837046874617,-0.0617568682520246,-0.38389129068413,-1.32760569897442,-0.126051345548953,7.21359538884414e-05,2.43524345915062,-0.977041557013187,1.10926366584438,0.902287587541356,-0.109106371611749,-3.79410074002878,-1.75590731271494,-0.215937527669057,0.0893832976777173,-0.252655210217459,0.774294332486685,-0.0898651418098922,-4.07320426729725,-1.80960680074932,-2.14513911753826,-3.64371091429867,-2.06846535791908,3.0568898693811,-2.84116533944328,-0.345210249564554,0.377460491707277,0.611090314857032,2.68788198479153,2.35286241919607,-0.552042655441002,0.250661175071597,2.13474796468917,2.11098873711902,-0.515501908464131,-0.656053542842929,-0.951910327525132,-0.129935840692836,-1.75931764714835,0.264357726864694,0.61484213311841,1.79800381326899,0.0718721797067306,0.172380137341316,0.349315366030721,-0.825586597472782,-1.42337082949001,-0.758726244452625,-1.80651397495409,0.0409154355151924,-1.51288319470975,-0.665753418336871,1.17685584545594,-0.484398533504629,-6.20261767086133,1.3941758316694,0.181200839361854,-4.72763461545403,0.902397758516479,-0.427396541510854,-3.7479930561358
-2.89478411583064,-0.909567708523806,-1.96309564918095,-0.344600380000141,-1.60452378335803,-0.732050757610535,0.638035473670479,0.296987704329581,-0.797124902103535,0.000459333879386483,-2.33345369081897,1.22580734452139,-1.8789579713859,-1.166253089177,-1.70837115496231,1.21023279214542,1.19206535159605,-0.545002936645616,0.177510327155779,-0.933750418620792,0.891449539493581,0.327846206896821,1.25527348762485,-1.34769583079939,-1.25319101613344,0.981999685307255,-2.54199676263501,-3.32171619683384,-1.92262071488533,-2.74067380425803,0.630646117344633,-0.467188738431463,0.824524026850203,-0.854166560507285,1.02542974950606,-0.611803778606013,-0.816214567450963,0.147568890908166,0.342833665384425,0.540397418082282,-0.614160058376796,-1.03184299694139,-3.05654061392647,0.404591196986074,0.118529224687366,0.604008743451391,0.674725990083523,0.165911556960153,-0.81881339424258,0.407593629552038,-1.13142700677152,0.24312845285507,-0.283987930954692,1.54986223219641,0.874472628560173,2.06521742704211,-1.20878483729426,1.83980500267575,-1.90400033712371,3.11422749796829,2.05374065012727,-2.30541356476748,2.55432698503276,0.190657565000742,2.41960157340489,0.878503964887364,1.79607867063149,0.20303063842518,-0.922011001719301,1.80724633437354
0.364100351141871,-0.00667211624362273,3.32145944673201,0.282654169239685,0.581600221467459,-4.10079084804725,-0.360371082790964,0.389545511410313,0.0778165138259192,0.918653523859688,0.240648848524149,-1.63001371868809,0.952898663607174,-0.337536814597369,2.5247916991409,-2.70081362477474,-0.118005456281308,-1.09915640863782,-1.98743505294471,0.022733387359801,0.222931925998385,2.68887635578683,-5.78902060972154,0.166334211977798,-0.996957951536144,1.24552475240574,-2.10555582800158,1.6823428756989,-0.52024880436717,-2.84159755434959,-0.901718947580117,-0.293026090947448,-1.76816395556332,0.126510713001278,-0.883863607803384,-1.13013665512605,-1.6923537049002,-1.81392650740047,6.18626113176027,-1.52018738135857,1.5822659261577,-1.07285855928536,1.0571212913749,0.969868515729454,1.6839403300007,0.829591636731061,-0.20482934779116,0.944555735828257,1.13096803758473,-0.42984201705886,0.452998656000264,1.34024724503829,-1.16128796255994,0.286955279667321,0.756179378531718,-0.52607523717079,1.1778981007431,-1.41505385270976,-1.49070802727793,-3.69883414263925,-1.29981371033698,2.4965201175646,-2.36311482953346,1.17071903140074,-2.27156623887861,5.85524921404766,-2.00762197463998,-1.81511610430934,-6.75598950595971,2.85959794335712
-0.0587365325997808,1.12564425510713,-0.93636036314663,1.75250870187725,1.15269478044503,-1.79024280541669,1.1125889981233,-0.531771994859571,-0.000729905923950927,-1.21829420197008,-0.744688788276248,1.38353869748097,0.304396806716148,0.624092668423562,-1.30958668690479,1.29085844195579,-1.57958136356625,-0.793515140042498,-1.95976559864698,1.01498842328762,0.237138999004602,-0.381709572622581,-0.475283893406506,1.37779138950028,-2.58166090948273,-0.385202997393008,0.703268761630637,1.29029790718631,-0.693656198285308,1.63282198429888,-0.854658923045974,-2.4841914037326,-4.13529993117041,1.29887549488195,-0.84632934804813,-0.599668320028782,1.22823998453829,-0.715110077582107,-0.0222014369733688,1.00003580301007,0.958547718499526,1.49201107202226,0.17044141274785,0.924165731939904,0.754468187699029,1.79870834123324,-0.536842013695157,-0.232738503606188,1.3949527790453,-1.23321641446223,0.143128162521355,-0.898401871444859,0.519138141176553,-0.0398185298713786,0.270113079982575,0.927602782816914,0.415254646141504,1.49424101965033,-1.56919998696893,1.96288824569448,-0.240976705090572,-2.20577142251318,1.50209630427738,-2.14414227855562,0.505878473654764,5.59074784125471,0.204744114170982,0.94472704073851,-4.18382865157245,1.4475211988374
-0.223268935427509,1.52065994752838,1.49358562564381,0.0270520469914964,-0.108485205312359,-0.982308110154499,1.05294153234366,0.737666760984386,-0.111996634245639,0.777010214798334,0.0253905962386536,0.40159391409974,-0.539036772321979,-0.0334422207649645,-0.410620436636578,-0.300974294233333,0.0785748300025652,-0.639293932720237,-0.395385122793811,0.0701479455748885,0.763908107431704,0.605832726836146,-0.524405237277772,-1.44155342466162,1.49144401260467,-0.327344344940164,0.0309363371706273,0.393119224965744,1.90537127487333,2.90887501543634,-0.193111620608891,-0.112685376649225,-0.462128290167494,1.7460281035847,0.261516760159765,-2.50195398808987,1.24987563910238,-1.34682140861506,0.415411714042448,-0.627566336947289,1.79877458055515,-1.80273582235657,0.515596032727788,-1.33716180958688,-1.23768116183769,0.20313429238417,2.64025761644835,-1.65504928949035,-0.920996188075688,1.84794866012228,-2.40136640713099,-1.50050019623669,0.875238614484969,2.07175327178718,-1.14004814960547,-0.509973478304922,1.14537821309877,-0.700501137934801,3.29567503405803,-0.208696056471518,0.637128620252931,0.595719142935117,-0.57102909437807,2.70911303671972,-1.9695132551881,0.281795082875777,3.05947487204537,-1.13419706646803,0.901441823151099,1.78543045120613
0.846698993404475,0.0494574164439581,-1.38279807330611,-1.33572951573756,-0.129641819386766,1.121849044671,-1.07658658966408,0.574109743913474,0.0113129717931174,0.394755362073834,0.989732610572627,-1.14043837036261,2.33994600079839,0.0164460499053918,-0.751146982784648,0.328944959606162,1.01639987304396,2.52092848382282,0.84611513118237,-1.49103228848127,0.740077773150164,-0.572609003049675,-0.790646191102219,-0.536086669061103,-0.530471821019929,-0.992404516481029,-2.52233855730746,-1.27364444746295,0.580048238158136,-4.17067815290499,1.92597033521115,2.37191322397692,0.219872838241563,1.98001618309959,-0.290856082576205,-1.63496222389198,1.88092096574073,1.14786626723428,1.44868147901822,0.353496773438907,1.47540910374093,-0.333275341433038,1.43656493519486,-0.698911736065681,0.089818116509507,-1.35134739711166,0.00110563853164525,-0.812834487785193,0.147840978067543,0.120630813251544,-3.20050159590106,-4.31633116998878,1.16904285949301,-0.513031953583242,0.274460196558915,0.943724259984727,1.15805530840321,0.145012581695002,1.73531351396886,-0.681531571410451,0.095312299909874,0.860299828233598,-0.145267517743391,-0.562472061335156,-2.96004743822625,-3.71552760056215,-2.55925179031878,-2.92984433811535,4.05556922102172,-2.85487257004234
-0.896405888039738,-0.83793463840606,0.174844008027647,0.0892014870086038,2.99394466027419,-2.78432148285656,0.29478945081197,0.673432107419016,-0.845686576865832,0.249796157556782,0.0770035018107122,0.474697607558727,-1.08277626792599,-1.08705348078379,-1.00801104387221,0.0984230460909286,-3.91912145417842,-0.837825699948771,-1.2330994819703,-0.274814147665244,-0.20558342402382,-0.160175972438653,7.45132334793091,-0.255983176884193,-0.434242888504776,0.227072177831225,-0.0460926264093443,-0.389074877419014,-0.0268661319950135,-0.951923492741326,-1.45412652229537,0.831376585868048,2.57430098671711,0.759109067303776,-0.966571358229143,1.19582383234354,0.931984024362078,0.358642303687031,-5.72535881653105,5.17882845079375,-3.97485826456946,1.1445104752383,-4.4421054056685,-0.154346088160725,0.480253121149317,0.255932394417065,0.739373029022856,-0.107107879196656,-0.5147995071939,1.05588824314043,-1.63627775540742,-1.47482953124361,-0.135195265907366,0.50103202685768,0.112821076010358,0.579922518294796,-0.100375461886097,-1.06502843314291,0.933549767363746,4.52853610950148,2.79009548006582,-4.02131474926455,4.48454426621176,0.769907783683442,0.584133528613166,-2.73436003209946,8.52499218674637,-0.791857930423673,1.93274145830093,2.42657998225816
2.55176926099076,3.98744993519096,4.62224765728188,-0.856736659076618,1.15019323957635,1.65451835289067,1.22127800246978,-0.714804303099262,0.291262340926028,-0.442778910434053,2.22940392450496,-2.17632432822258,1.95297766990283,1.94756075314031,1.4815913200593,-1.92383494806697,-0.410873324882279,-0.93863289209036,0.180888333527218,-0.148863093616283,0.578542818101204,-2.13608857135227,-2.09435364835954,1.78511255238163,-0.959650113086834,0.306854121408123,-6.60357176328335,-0.172839184282298,1.18723631954205,-0.411272015266649,0.545719938759624,1.28230473835657,-0.686723849225563,-1.97990335415535,0.49798887260029,2.14889069801258,1.64893054287472,0.800939362376741,-0.381333228829946,-3.78071714726603,-2.87176936826223,-1.56244259493595,3.08923611055863,-3.10742615182173,-1.64568281913732,-2.48579185956875,3.16179526926342,-0.955675194745165,4.28984105188584,2.96342098777518,-2.78838533966468,-3.21891236389116,0.245018815863289,-2.29791159309645,-1.61532988442674,-1.84333124760403,-0.164496282985589,-2.46430079866423,2.67942740646314,-4.59830899405779,-3.35022076242582,2.01345187395766,-2.34435410090798,3.26014954590288,-0.753718129526208,-0.456816512800876,-2.51080660355396,0.0937610657717226,1.1103904832859,-5.82769682503914
-0.248535584269155,-0.704497213017898,0.134380900265003,0.598686407863235,1.10576970119817,0.0890315291176944,1.65853018307603,-1.04879100366083,-0.111435606375703,-0.00390985878916952,0.0167588623740678,-0.641889118355431,-0.651103584696538,1.05673939578308,2.20995062988095,-0.841248889657876,-3.52445515736683,-2.44761698846455,-2.15618830212186,-0.710624071257555,2.14330507563979,-1.19737926839723,-0.232822824731911,-0.764409981018568,-1.46013709673748,-1.21821608941944,0.441921485048384,2.63918929599045,1.32744718104239,0.397300561288144,2.2551906081751,-0.183494591983872,-3.79573609496517,1.89613937024688,-0.462929305850686,-0.617987326819433,1.82098704742872,-0.025405550298311,-2.23583937346365,-1.2830824531763,0.438884727438262,1.93059817247466,0.370670482634658,0.979201136213112,0.633661285797554,0.965722328099869,-0.796487569184561,1.33549968544071,0.442756013953748,-1.65143401919339,0.556625146650261,1.41765356035943,0.490866216500522,-0.241574833003903,0.0761593128713323,-0.15475855336081,-0.641132256072424,0.528574521348696,-1.83966538130699,1.15199099897534,0.705528981571214,0.374033166235448,0.283889377813726,-0.658666079405209,1.88493419765441,4.58977826674303,2.90935216897463,0.602553506883204,-4.08917690994413,6.26805577475527
-0.93193158734017,-1.12286497876938,0.0022556075066106,0.00553263031490517,5.01823633095564,-0.921791080468619,-0.909999279023497,1.08910872954697,-1.04369962882061,0.72435156962267,-0.593911483443792,0.914410213683384,-0.660082925319436,-1.17671400423211,-0.095125459134821,-0.69665158162372,-4.6640344055693,-0.149622592271765,0.0574564417684113,-0.441038505910373,1.5080881116388,-3.49190451997675,0.334152018020197,-0.899124552779374,-0.328615257471527,-0.778661606944105,0.503315673890684,-0.544283233884528,0.993632916117446,-0.649439437397003,1.01687456779852,0.556854839277957,-1.44851959149385,1.79522084245676,0.384860382241941,1.59673890535747,5.64161115867981,0.566534425531973,-2.55393171730442,-1.96161536125025,3.06786650293564,-2.12442869859887,1.98942668721777,-2.54944301379161,-1.12027629036751,-4.38162346992565,1.59267502323911,-1.94186829259086,-1.98396300634091,1.25358561048676,-0.275015064641268,-1.50958487867136,1.18035108003609,-2.67353531094327,-1.23244979877453,-1.30060904497296,-0.752544519949576,-0.805193207581509,0.859742284432119,-0.732336104312454,-1.16937730079493,-0.24742943524935,0.458781476430276,-0.629217303711176,-3.42852118350751,-4.05760755697128,1.54911667020803,0.672142108568383,4.11939998421735,-2.40295944741744
0.536112661825813,1.0258725518917,0.0952770082475411,-0.229518403006236,3.60610377495549,1.22790643934857,-0.624233722347998,-0.153988488016072,0.903290641187894,-0.146650149906858,0.434135949154713,-3.55691019515741,0.322568012767138,1.12076045279809,-0.105722208006432,0.787349840417517,-4.98611143649756,-0.797937685199323,2.19573052487341,0.138158985998717,-1.56485284710524,-3.55576437373157,-2.94776347214596,0.726272445725477,0.892863761959092,-0.0792469367998407,-0.474750722198529,0.25633046614181,-0.102957003222214,-0.608470148275019,-0.457165716379968,-1.35616761196512,1.68620542741787,-3.6991204912211,2.16426389056111,2.80913702349174,1.36150086709379,3.74437527721761,1.16187971962222,-6.66975515676357,3.56089560410905,1.33351475177568,4.47345274427168,-2.47729081751005,-0.94745662879283,-1.47911912657934,1.92238170582282,-3.28429657522224,-1.16711410674491,2.25927101397388,-2.61006372761014,-1.54610490266461,1.48643155086638,-2.95940575720051,-0.819325995487406,-0.495446775342525,0.42300061500382,-1.19317448205946,1.65171548090553,-6.00019423793792,-2.48029061371998,3.07718000151186,-3.69996029363522,1.04839348087016,3.85532032075336,-1.01336057328029,-4.55789250783767,4.14502993795801,2.53236211603189,-3.66233343035637
-0.927793883377618,0.228960035762788,0.526094263208491,-0.0231681448852841,-0.266438717583345,0.424079903095305,-1.03225910579915,0.949178462829118,-0.173471582695801,-0.259840114931998,-0.288340565692733,0.945542180176907,-0.313590012107731,0.205446306843792,0.191790955332746,-0.421735290127958,-0.911116182056242,0.0728251119415949,1.00798302367315,0.611173372060986,0.661918089941926,-2.13226848763254,0.669554515566245,0.858579310198685,0.611306084696939,0.596262786766544,-0.427262388127364,-0.373115834353684,1.71492015779135,2.7773881508371,0.811504792174583,-0.311311734418288,0.665545415148054,1.10380933246902,1.20927373986293,-3.48721304065084,1.9138655173157,1.15842294611047,-5.03208151608941,-2.96922885665913,1.66982586148793,1.82693073187794,2.00023815884672,-1.0613555278658,-1.99718032831074,-1.11124993098936,0.704626173383226,-0.47359700690893,0.154042960296324,0.711306542016053,0.145070835371529,-1.84196108003202,0.780597630415829,-0.439615400255134,-0.684972554046191,0.129006797900062,0.565758853968068,-0.275630525086291,-0.581402745797921,0.343352646261401,-0.23638413232883,-1.44291874334303,1.15853421700614,-1.06503899604602,1.29031892652528,-0.703906162661854,-0.629509197680361,0.832888804398085,2.21614647005164,0.203226456784818
-0.656757321119901,-0.000412542380718615,0.0544117947166008,0.831093418077281,0.44143295980248,-0.135732925419885,-0.585899114242898,-0.954243447259498,0.389194042806142,1.53438099224399,-1.26237894316031,1.56214338863335,-0.542012019655431,-0.478414098780138,-1.36172311081002,1.00780531210279,0.952051594835796,1.66354620800461,0.0809637864830289,0.482883833736317,2.22864874824895,1.3930071932565,-0.823077067644465,0.0704410426189921,-0.093686650619234,-0.730581444673103,0.884089141942955,1.84485809434995,0.855269742429037,-0.253847478738986,1.74021713686574,1.15613549012604,-2.83347015815146,3.93897536147457,-0.0702586278607935,-1.9927741558243,-1.30121751420337,-2.05401521272818,-2.44642694598865,1.383799351356,-0.029988394022604,-2.23675674734399,-0.434378020868353,-0.54845864773742,-1.06997563807788,-0.355137960108318,0.233078400234314,-0.0381248928343572,-1.27403013852145,0.45000892838843,0.499766087558759,0.965067285646677,1.45787243556919,0.307676921274297,0.107171245303642,0.0593854356354903,0.138019488750454,-0.13878054872189,0.328449120844176,0.824681175386256,0.452962979305812,-1.47817008465922,1.23025851508745,2.04810317389764,-5.03696348063504,-2.01880666060972,-0.469355258784341,-3.93731899934793,3.08955916986413,-0.458473334421231
-0.620692236751856,0.239505102213727,5.08793611947548,-0.28522235783904,0.0637431206583613,0.0166402906102558,-0.771375466986115,1.60356337594567,0.0495998070028029,0.547030154897986,1.01506975503098,-0.0581740727082997,1.34911781524289,-1.01702283358966,2.42651773515897,-2.24120898967779,0.520368680621588,1.98174881935115,-0.136789385942546,-0.213497051540533,0.0404506075092889,1.02133058487578,1.13504462098597,-0.163579248011632,-3.69833029019991,-0.154819686179161,0.00776681202350994,-1.19412749627927,0.548166857456495,-0.762261465151413,-2.19368115271895,1.17958862651499,0.387990959050466,0.293831820374798,-2.24050693994137,-2.25981364657121,-2.0322115819184,0.10338463144798,-1.19673666308172,3.38470031790619,-1.36258763963281,-0.408823703819721,-1.68355882399582,-0.207079150986347,-0.0226731510224551,-0.55204754889692,-0.813094292660707,0.179848685351045,1.18768304364188,1.70490230828414,-2.01460820416928,0.866490016560643,0.870112073423808,-1.3927425714262,0.711621719182154,-0.965071905936512,0.760226208329403,0.393852359151416,1.78564838538334,1.06686851324535,0.265397416824471,-0.336213940219017,1.74266311287583,-0.87965931696953,-2.08828912124303,-2.36530118841216,3.30336418251504,-2.17421279495248,1.51582713883951,-3.84992896329075
-0.4015855795739,-0.88141695710288,-1.50108343865583,0.599483047993652,3.43523786846614,3.0207435113629,0.646248462055977,-1.21641527681997,-0.160200164410302,-1.21033437639547,-0.369545892942151,1.0681181919317,-0.498775085041694,0.363371694664097,0.868561264370441,-2.71388019423231,-0.973798079559413,-0.705584296143926,1.33836122472516,-1.87638411247639,2.23603152291761,-2.57134378219856,-1.49228476973014,-0.29694533713695,-2.0509662229333,-2.38607936664975,-0.663892637917822,1.18394503322679,0.401421814449477,0.550146616630722,0.51445036392412,0.353414710403206,-2.8127653031338,-0.47334445833917,0.743724003928,0.644572137614672,1.44910225620846,0.880312827639855,-2.52520621471422,-5.26623864194338,3.14576853043487,-1.0818434341134,4.17583984898377,-2.5625684028345,0.184783735608166,-1.91376878881417,2.37912139622181,-2.04981295120162,-1.2027594165491,1.7086250103515,-2.33445208282975,-0.385884604092479,1.22871206823095,-0.51535122426663,1.21195156911521,1.69090969233713,-0.707115887231203,0.929182717582798,2.06914169678124,-2.48009578002971,-2.16108808440789,1.7016952409477,-1.18240169076939,1.97491602842392,0.930018363604055,-6.24986662370862,0.229548933853873,-0.293616450934077,6.55220390826646,-3.51597472845594
0.280097128709019,1.04586765333763,-1.79031193036743,0.699166206254718,-2.37189196209019,-0.000608464105592451,0.0745127017298952,0.523214362894717,-0.142426181827568,0.805187832962186,-1.64471194910568,0.759599927218124,-0.24120452342553,-0.609158531454607,-2.32558239418732,2.37353727394988,-1.8035954191657,0.543363024831126,-0.149980739842702,-1.30658445322017,0.884995857944921,-0.998017380074062,4.3718343587972,-1.68983028744094,-0.0806248255668088,-0.819736931859869,0.714934973089118,0.965714314361141,0.306857955882025,5.07004728304556,-0.00306346699604104,-2.08892036294161,-0.446751386412795,1.10253346646945,-1.12597214546054,1.2678466239602,1.60147893302009,0.716621375653983,-4.64248927961647,2.53384731261301,-2.71296558989041,-2.446702838871,-1.73405027074938,-2.07037755969154,-1.02535040104564,-1.6736386250514,0.934769122601678,-2.30219489420201,-2.64780108056157,1.16836657270116,-0.267471862422411,-1.22418064644657,0.503281113807161,-1.8227283261921,-0.222706929416137,-1.22305570873011,0.149652714499467,0.628027816319833,1.09759092470108,-0.404971589009594,-1.35148727963168,-0.621669155215955,-1.14384960845189,-0.0458814423219008,3.68097049307186,-5.68239883048297,3.24567528088637,-0.950309900346274,6.2518125011903,-1.79619534288704
0.258102872097151,-1.47673476515874,-2.7247412250348,-0.822862938698606,-0.8649423408818,1.01537740041546,-0.439264164483042,1.86510600318757,-0.884868658430556,0.12384473394091,1.42039523352067,-0.868815544145355,-0.124356237685504,0.675197546014367,0.558364909547908,0.636145621229223,1.25062803368738,-1.64137771269689,-0.155109813820493,-1.31108588319695,-2.60017649858126,-1.11263342846146,2.47545372503737,1.10253862146569,0.419276035700375,-0.934791204816796,0.314256529452869,-2.90943095756569,-1.66856447577806,-1.20194437432589,-2.14034691250796,-0.112406241713918,0.986389346978792,-2.30132687953828,1.17479140453665,0.913153657129358,1.78554946643596,3.59062751083083,0.296972971784928,0.967474519322589,1.45339645627215,2.44906842678605,-1.77532170368056,0.793151816377651,2.60931614469141,0.968595940721998,-0.844799799320834,0.243408218135061,-0.21884395925358,-0.692410580181159,-0.455220258383698,2.46343849443734,-1.84166387222509,0.809299323659427,1.70751865042824,0.432104542016236,-0.221673558563811,1.97953309615408,0.141433587430985,-0.36871353620663,-0.211864333026434,0.848127208387286,-0.373657845554941,-0.287565784267413,2.24619557452666,0.865883503851243,2.7142287609941,3.77764811581272,-3.23603400683978,-3.08187067742044
0.246432736522828,1.18855313835323,1.25214005605961,0.98807468658481,-0.818970918762405,1.56219599134907,-0.466103606487395,-6.02172159516808,-0.482812795513139,-0.659913684980289,0.416737252312577,-1.04346660986925,0.43631399867295,0.488774638895488,0.465941735899166,1.17237385291038,2.03180960569152,-1.73144938570109,1.05922012843987,2.72329809417681,-0.780948352840274,-1.86497648618566,-5.15005302902199,2.25271864440282,1.8852743179709,2.38915541056303,0.942950703313829,1.62598717310756,-0.222668319708029,1.3339052835067,-1.44628579098784,-1.68491486712924,-0.315623683781049,-1.84120430469706,3.06665072808977,1.69739904235881,-0.278562244581006,-0.356433230918372,2.18658913916458,-6.98585787363737,4.36958838349713,-0.281510966845295,3.81698436874561,-1.20600340210508,-3.15977521063751,-2.36067299678087,1.23564794047569,-0.369330133427335,-1.13542490933962,1.4407754183859,-0.767894630655876,-2.00052872448704,0.89265166612611,-1.01306979553148,-2.65289000468027,-0.526522067579517,2.32358358786576,-2.5057039750336,-1.32652604700818,-3.21160213516426,-2.39343047754148,1.13637641057149,-3.23289643662322,1.59782468038546,1.87003390627076,2.13472512282357,-6.84103871740886,1.76524437897691,0.879659720459535,-2.26624887249519
-0.862052190268317,0.0578270981574114,-3.1759208939018e-05,3.40153220337372,-3.1186322997387,-0.925731891964779,0.475094321730864,-0.00195644900021364,0.436230618019929,0.161949461148251,-0.186098298642619,0.0660214973823146,-1.55564439980626,-1.42068033112969,-0.475786861679346,-0.176788704531357,-0.972356253543939,-0.544951490051978,0.741284299336776,-0.898331966703946,2.06614619278085,1.05388120394133,-1.24243969099072,-0.28216815633992,-2.17436023380096,-0.829077290310302,-0.0386914913067898,-1.39703939228163,-0.280084684380986,-0.638503300626164,-0.590227411229371,-1.24273289771175,-4.35323708361556,-3.38860171121323,2.23000501776746,0.431449036314924,-0.857545903188622,-1.43126560184042,1.09203547085491,-1.9961210653565,1.29599518648085,-2.30343650154243,-0.989074465307206,0.189335061909599,0.257641292571133,0.345391544589177,-0.156713865056618,-1.49258673141785,1.29138636537098,0.00927046696135617,0.85364262675485,1.53943810538941,0.640375585627106,-0.980754724215879,1.05922562031579,0.402867751229325,-1.99628719930414,1.03469951900907,0.729815391110703,0.397462940400826,0.592572059346391,-0.49381231014678,0.314382706847662,3.24212285569388,-0.163323000031404,-0.0994674454537928,1.61705550090733,0.917544440703278,2.30970244185168,0.295084728293292
0.809436616665695,0.214131547788129,1.20444750267579,0.969094483244616,1.02745746473598,0.938348893694352,-0.646998124928504,0.563329532062581,-0.983876774580099,-0.578429049528152,-0.289606762736983,-0.913443428766606,-0.24887688087251,1.41585742943778,1.09853063293407,-1.95023589641219,-0.0889990314684709,1.07625909451619,2.45754823821897,-0.945410768636478,1.46332413915064,-1.6333637333277,4.96028760071556,-1.89182088420462,0.601177619445386,-1.3995986935445,2.07101504090611,-0.606202647452293,0.571437739321729,1.2595804302721,-0.543576234749302,1.79165758014262,-1.58015851907355,0.240931242590379,1.97225644408683,0.970427315970959,-0.296108964007805,-0.673407446795585,-5.4191679904546,2.23815939077543,0.296362962304092,-2.28365746627695,-2.42769476125543,-2.52577394104743,-1.11108396378481,-1.73524299116644,2.10972567113254,-1.73813711264959,-2.77409057546867,1.96213257018403,1.32890465425707,-1.12074509333131,1.30510361359915,-1.36091607509773,-0.958501159809404,-0.69015538114624,-0.0801101089174014,-1.82252525101007,2.33723910239562,-0.175188270795369,0.567018784494659,-0.775848453658807,-0.22417544531966,1.73419863320858,-1.97004112928842,-6.93393499856242,1.38124959026735,-1.98260553222666,7.41061578763105,-3.45529752945586
-0.871585280315143,0.310377695393527,0.0195318081074656,0.369896148151189,1.4948808744568,-1.09576321217531,0.666482547284618,-1.08854349875648,0.364952724451608,-4.1029790614866,-1.50088354991308,1.02829371318745,0.509191588772982,0.388437034198697,-0.430481695929507,0.239979041896657,-0.629628575826921,-0.761857039811776,-0.65382905130353,0.926130053991281,1.92436851095875,-0.162208505909019,1.42882009696287,2.28697030248706,0.10374126094967,-0.925125160600988,-0.620371148326164,-0.814950441498103,0.642878790702846,-0.904731471703515,0.262695503560116,0.309589651981412,-0.574413538460101,1.15260032314857,1.29132171236591,0.966519099794474,0.263552009160793,-2.00014761860417,-3.66578912373638,2.06755555330537,-1.63918563462063,-0.21558542661048,-0.376426894082935,-1.80078612236704,-3.68411826717383,-0.688542033834244,2.10620468279537,-1.90514344313729,-2.03551647225471,1.71138512774744,-0.639800647379808,-3.26292487369999,2.17517776220692,-0.974608901362593,-1.48905087255444,-1.53045563522173,1.90214623876202,-0.299198866330707,-5.72488455581371,2.38870148808233,1.84547825666712,-4.11520984874477,2.0974406298791,2.46860195133186,-3.92348922108811,-5.44589852660866,1.9429519311329,-0.23537966871621,5.32377249540737,-0.967159352495956
0.369188672347247,-0.891425681563653,-1.06272840864948,-1.26520703752679,1.26399530260841,-4.85314180532438,-0.0730504309651284,0.41384342838455,-1.06352913929591,-1.03436785941073,0.163490843729796,-1.0641089943433,-0.873053634717033,-0.175867898369338,0.348966733817491,0.0662565589617053,2.00760304385853,-0.880425788973301,-1.84722917328374,6.30149919208491,-0.706454722036758,5.1085150725715,0.210728292897602,4.60784639982785,4.92035657766242,3.2428051799631,1.05223016981579,3.5783886286846,3.12352507810434,1.50651325343219,0.929579040558398,0.365536730391617,-0.570425641846275,-1.05248923579144,-1.11489630265079,-1.3608836350981,-3.84877154126247,-5.66146896888218,-0.912404635340869,3.39051666996628,-1.91374687651083,1.86348311885256,-1.87186298458169,5.8061263078773,0.26172717088282,4.7918969495908,-5.09406357245291,4.90896813234174,5.01174633437889,-4.03633633859634,3.1977969027533,4.30461377170614,-6.96789779905059,4.67608760689223,-1.84204780351893,-1.73622123896161,3.09684673374825,-2.79964412740128,-7.53810617771566,9.02920103638722,4.29339843478514,-6.07179852991474,6.69282549850794,-0.388534591382426,1.48250462461917,5.75136842772167,1.05407367436983,-0.226630465195929,-6.1865826995086,7.97120412489485
-0.084857967219357,-0.137078871323816,-1.58957892172228,-0.688780626490706,0.0214464064265624,-3.1601054390913,-2.18056941285998,0.59839214319091,0.507799205441393,0.922774482998996,-0.961359793739005,-0.226487977654485,1.0695754095785,-1.03567273792409,-1.63088235976082,2.3795961007938,-0.781009285867052,2.75969966880399,-0.363130891394792,-0.258009020675389,-1.80319284546448,0.540502379930158,-1.14735755481378,0.934251161744855,0.791749304281057,0.473062344441902,-1.97522663951416,-1.80828756995856,-0.207392121541119,1.6843560712022,0.0418665586547352,-2.43528452400446,1.05026929483023,1.98035003465369,-2.78185129964562,-3.71549851448626,2.33837458100813,1.15845693884001,3.48576731613264,1.51061300502201,-1.9149382834995,-0.0988746211659892,-0.0278510842284299,-0.397996045651517,-0.201707894073462,-1.57637053070455,0.601896727282358,0.680656997538453,1.16135097450691,0.545706487419112,-1.66075124093441,-1.94021704461567,-0.606477610140286,-1.76336407723619,0.0599412609289593,-0.600795771602695,1.54115357363032,0.287784529854185,0.371380245851347,-3.16895041471586,-1.79115725302612,2.45912698450126,-1.88438224076356,-3.19541611064524,-1.42467125421773,-0.173640393447633,-1.82992355492058,-1.57246196718475,-0.402055334057897,-1.67767463208632
-0.958340939496143,1.16313071009803,0.537718831321501,-0.408029374248948,1.31820444562548,1.54476964423296,1.93728927863402,-0.2789112560659,0.0294019530105103,-1.09449680393835,-1.53636940147682,0.666552284807929,-1.0555992751387,-0.590447830961644,-1.55426575233444,0.846126802785553,-2.64157957729001,-5.03052015733276,0.590654776593526,0.253029173054044,0.854695512177616,-1.94700674281065,0.91307203743953,-0.424625216556592,-0.13996382330169,1.27567446410404,-0.216544037839919,1.04505087518971,2.03037384064062,2.22643395104016,0.637281966626379,0.091232660780151,-1.57865892129453,-1.97864778507013,4.45292940836223,3.64396763762513,2.1118736752433,-0.287779068818581,-2.17143640834508,-4.78635446599394,1.78659792955733,0.63867952784011,1.70022014933247,-1.04973428476857,-0.784046909710086,-1.39696520750437,1.06263737405342,-1.44733556054053,-2.58351372574324,0.520767888833084,-1.12158121663969,-2.41510385227718,1.12286287479546,-1.43699631580902,-0.448595970675692,-0.367252976644671,-0.58879230028954,0.289502338190515,1.11066529234605,1.47530821764735,1.77333859097542,0.275286398442648,2.77520057888718,3.96154877830665,2.95366408870971,2.96055685065061,-0.356835146588262,4.93488506350004,-2.99971643593042,-2.0842781276116
0.497193769894088,0.47713149531737,-0.77041597834751,0.100520723320043,-0.394610069493303,-0.376863917319523,-0.162967573377669,-0.91506495028311,-0.743185836206875,0.843878333217938,0.0735954536883637,-1.268084316917,0.39568389514783,1.326349884274,-1.39936672553342,0.495671536602605,0.0970740979326095,0.869061029450369,-0.454541342256752,0.78609556716723,1.6856473334354,-0.0700930885876752,0.492544781107054,1.30681951931246,0.937436726007306,2.17581633895654,-1.46794134816709,1.1499034203867,1.30440390260312,3.04033894396403,0.672701091470163,0.766458127045988,-2.44694259028517,2.38717019556078,-0.71982858033763,-2.34592060043405,1.80166061438022,-0.960358780507957,-2.07467364543222,1.52488292950704,0.0759948233313854,-1.24767837207726,0.709515662709125,-1.6061147801913,-2.1997114555307,-1.21485035127883,0.804607567707118,-1.4300178436062,-0.997780434225525,1.4832916377578,-0.201032616566417,-0.691255046140213,1.96184401015226,-0.605403800106155,-1.88148570189403,-0.506626689300604,2.12488649742674,-2.37469560238698,-0.11099954520062,1.31293397993034,0.819393061825094,-1.89044209099511,0.0532626993032103,0.21506808392799,-1.7125330546101,-3.11044479583785,-0.367149640689935,-2.63254787259091,2.90657555571155,-2.24077262109791
0.110698422656803,0.325951088231122,0.776387119616921,-0.00169744006880215,0.0902778753450983,0.66127440297696,-0.0886856428378634,-0.682880042539619,-1.58710593831307,-1.41543654133377,-0.743117081379587,0.0885604924640188,1.4832562595516,1.11967814493343,1.61512268973201,-0.994630379840791,0.76140333160081,-1.43433832870536,1.03208360359516,-1.8907690319882,-0.846593439338746,0.519634263450554,0.38144543015344,-1.51351152396069,-1.25198153826421,-1.94985438621838,-0.698210694924878,-3.32823183825927,-0.143448680844214,0.707201332933853,-0.482270887623777,-0.337156161712337,0.733865659564077,-2.17658166102713,1.98291974493107,1.8313019270269,0.285478948777163,1.78012957136627,3.69642053235499,-2.64303403942785,2.18514837861632,0.924815367176816,-0.434531490101016,1.42112418546881,2.31495667950513,2.10917474743275,-0.412978906284284,2.13372163557947,1.5595111237582,-0.14046137395299,0.653746853359601,-0.00573918461830769,2.08747657807451,0.98085698279115,4.58596208999895,2.89386782930624,-4.45656452520596,2.61921834123619,0.759390940239501,-0.718155207864357,0.0625072214076464,0.117541079676188,-0.758551236020457,-0.343755586604831,3.03464108242806,3.35191454509341,0.896598187070817,2.67277864153383,-2.77626108320933,2.895687175664
-0.506359507061803,-1.16232396367158,0.116376478674162,1.12030230765729,1.04461721368412,1.98104534067471,-0.890696278923365,-1.09211998799107,0.45069529260423,0.834950369058726,0.686912347760688,-0.835471735824727,-1.22391976500807,1.23961515513093,2.64188812710294,-1.2446014940183,-2.04220311756379,1.21116573489965,1.93417601079833,2.02588229147253,0.121979311111213,-3.40608405994184,-1.82307129367791,3.14471616228031,0.372645978395174,3.37561372758275,-1.86272137477224,-0.212601412576922,-1.74458840898051,-1.30241435621095,-0.238676604557064,0.412483842949383,-0.782337100002589,-0.150694087302129,0.767561536774186,5.72404299629244,2.88368441397732,0.664349946562788,-2.80694399342768,-4.86174211344266,2.19227217666279,0.779437577465155,4.81501493127779,-2.01108588759014,-3.43484645482284,-0.725334008904775,1.38589444456408,-3.02180958314141,-1.60109030832003,2.32342395165599,-1.57806940505712,0.220280369460569,0.173317822801078,-2.5724382918141,-3.23500781373455,-0.49641459562198,1.43493114265848,-2.6202046411499,-1.21386936646315,-1.09558395352504,-0.254221088455054,1.43934705107342,0.0348033652238475,-0.0689791903011657,3.2641878648756,-2.82295854076304,-6.93988094615545,1.23013204513279,5.77459181226709,-4.05573134142967
0.533864486681266,-1.61295649860338,1.67146877737409,-1.54356285724807,0.0273988205199946,-0.875145253667205,-0.488213980821429,-1.26480498639109,4.98066727435816e-05,-1.27225952312054,-0.424392703082061,-0.0798336319342527,1.17564229463558,0.954297155311822,2.62177607621398,-4.32002222333927,-0.795399157762455,1.32653261847246,0.223897350323557,0.85557283013696,-1.71957055060026,-3.54902409767112,-0.95765864636522,0.274321235340412,0.586390167445754,0.0960286869261097,-0.109821887348448,-4.35213495083622,-1.0816394065316,-1.92502166086427,0.657095405864205,-2.45742660602056,5.60451818017987,1.0427810825842,-1.6315677477747,-0.635814844082249,2.14090541543839,1.782585040118,-2.00838642126942,-1.35879798196449,1.57476251776157,0.0275449590332102,3.70040268310112,-0.825900358023549,-1.73092617894175,-2.16833583262995,0.842029598923203,-0.970190569362425,-0.867283060042284,1.14830753752181,-0.964111922682198,-0.752895480909767,-0.784982804018123,0.00840252854448764,-0.180163285286397,0.109829255157067,-0.528636448063924,0.497830071834071,1.06073099727631,-1.78517184590808,-0.198912214784518,1.14831793933747,-1.8807675500043,-5.68088495286443,2.30916728947059,-1.23785412354255,-5.15729021878978,2.30814368702865,2.37858311440274,-2.72445989797689
0.245405280512664,-0.140971007670964,0.531696395171598,-3.3148001942508,-1.30568853001641,0.439137802298924,0.495782915595632,-1.05051759002483,0.229696933333456,-1.14112927538398,-0.627931633546395,-1.21141420638972,-0.515876812772083,0.196498419156897,1.38357626649475,-1.41352939031526,-0.214284476330127,-0.0879826210727442,-0.625759164056957,1.62461396823049,-1.75102248783004,-0.0359291793224271,-0.98195958964817,1.1272418748333,1.284121597438,0.990603480268397,-0.183238427473524,-1.36690195628547,0.80176861168681,-1.61177935744822,1.11259708118084,2.57650786366291,5.83213430557442,-0.970643937836623,0.403180255038514,-0.312558216498844,0.113513280629022,0.0994806761431963,-1.67819137822609,-0.607123397257917,-2.50972326357304,1.85484724557513,1.11525641190495,-0.125399929220475,-1.4321805724594,-0.569651150046274,0.696210769277745,0.947252998677471,0.153766067962689,-0.0836117369733784,-0.28184061634867,-0.52520132280947,0.812524473466048,-1.28373855908082,-0.55767861614145,0.535231832300986,0.418320574120303,0.455346889592589,-0.705205514843615,0.013197669020715,0.551114115147416,-0.392193882525159,0.184415334891923,-1.87196884003852,-0.79745188313723,1.66364921628927,-2.7907380686834,1.7964219918074,1.17198123750319,-0.641314498655981
